0.4
4
1.9
0.8
0.5
0.8
0.6
0.4
0.7
0.5
0.4
0.6
0.4
0.5
0.9
0.5
0.5
0.4
0.6
0.6
0.5
1.3
0.6
0.5
0.7
0.5
0.5
0.6
0.4
0.5
0.5
0.5
0.5
0.4
0.5
0.4
0.5
0.5
0.5
0.5
0.4
0.3
0.5
0.4
0.5
0.4
0.4
0.4
0.4
0.4
0.4
0.3
0.4
0.4
0.4
0.3
0.4
0.4
0.4
0.3
0.5
7.7
1
0.7
0.6
0.5
0.6
0.5
0.6
0.7
0.5
0.6
0.5
0.5
0.5
0.5
0.5
0.5
0.6
0.4
0.5
0.5
0.5
0.6
0.6
0.6
0.5
0.5
0.5
0.6
0.8
0.4
0.6
0.5
0.5
0.5
0.5
0.4
0.5
0.6
0.5
0.5
0.5
0.5
0.5
0.4
0.5
0.4
0.5
0.4
0.5
0.6
0.4
0.6
0.5
0.5
0.6
0.5
0.6
0.6
0.4
0.5
0.6
0.6
0.5
0.5
0.5
0.5
0.5
0.5
0.5
0.5
0.5
0.5
0.6
0.6
0.5
0.5
0.5
0.5
0.4
0.5
0.6
0.6
0.5
0.5
0.6
0.5
0.5
39.6
0.9
0.6
0.6
0.6
0.5
0.4
0.6
0.5
0.5
0.4
0.5
0.5
0.5
0.5
0.5
0.5
0.5
0.5
0.5
0.4
0.5
0.4
0.5
0.5
0.5
0.5
0.5
0.5
0.5
0.5
0.5
0.4
0.5
0.5
0.5
0.5
0.5
0.4
0.5
0.4
0.5
0.4
0.5
0.4
0.5
0.4
0.5
0.4
0.5
0.5
0.5
0.5
0.5
0.5
0.5
0.4
0.5
0.5
0.5
0.5
0.5
0.5
0.5
0.4
0.5
0.6
0.5
0.6
0.9
0.6
0.6
0.6
0.5
0.6
0.6
0.6
0.5
0.6
0.5
0.5
0.5
0.5
5.6
3.2
0.8
0.7
0.6
0.8
0.6
0.6
0.7
0.5
0.5
0.7
0.6
0.6
0.7
0.6
0.5
0.6
0.6
0.5
0.7
0.6
0.5
0.6
0.6
0.6
0.8
0.6
18.5
3.4
1.4
0.8
0.9
0.7
0.6
0.7
0.7
0.6
0.8
0.6
0.6
0.7
0.6
0.6
0.8
0.7
0.6
0.8
0.7
0.6
0.7
0.6
0.6
0.6
0.7
0.6
0.6
0.6
0.6
0.6
0.6
0.6
0.6
0.6
0.6
0.6
0.5
0.6
0.6
0.6
0.6
0.6
0.5
0.6
0.5
0.7
0.6
0.5
0.6
0.6
0.6
0.6
0.7
0.6
0.6
0.6
0.6
0.6
0.7
0.6
0.6
0.6
0.5
0.6
0.6
0.6
0.6
0.7
0.6
0.6
0.6
0.6
0.7
0.6
0.7
0.6
0.6
0.6
0.7
0.6
0.8
0.6
0.6
0.6
0.6
0.6
0.6
0.6
0.7
0.6
0.7
0.6
0.6
0.6
0.6
0.6
0.6
0.6
0.6
0.7
0.7
0.7
0.7
0.7
0.6
0.6
0.7
0.7
0.6
0.7
0.6
0.6
0.7
0.6
0.6
0.6
0.7
0.6
0.6
0.6
0.7
0.7
0.7
0.7
0.6
0.6
0.6
0.6
0.6
0.6
0.6
0.7
0.6
0.6
0.6
0.6
0.6
0.6
0.6
0.7
0.6
0.7
0.7
0.6
0.6
0.6
0.7
0.7
0.6
0.7
0.7
0.7
0.7
0.6
0.7
0.7
0.7
0.6
0.7
0.7
0.6
0.7
0.7
0.7
0.7
0.7
0.7
0.7
0.7
0.6
0.7
0.8
0.7
0.8
0.7
0.7
0.7
0.7
0.7
0.6
0.6
0.7
0.7
0.7
0.7
1
0.8
19.6
5.9
1.4
1.2
1
0.8
0.8
0.8
0.9
0.9
0.8
0.9
24
1.1
0.9
0.9
0.8
0.9
0.8
0.9
0.8
0.9
0.9
0.8
0.8
0.8
0.8
0.8
9.6
3.7
1.2
1.1
1.3
1
0.8
0.9
0.8
0.8
0.8
0.8
0.8
0.9
0.8
0.9
0.9
0.8
0.9
0.9
0.8
0.8
0.8
0.8
0.8
1
0.8
0.9
0.8
0.8
0.7
0.9
0.8
0.8
0.8
0.8
0.8
0.9
0.9
0.8
0.9
0.8
0.9
0.9
0.9
0.8
0.8
0.8
0.8
0.9
0.8
0.9
0.9
0.8
0.8
0.9
0.8
0.8
0.9
0.8
0.8
0.9
0.8
0.9
0.9
0.9
0.9
0.9
0.9
0.9
0.9
0.8
0.8
0.9
0.9
1
1
0.8
0.9
1
0.9
0.9
1
0.9
0.9
1
1
1
1
0.9
0.9
1
0.9
1
1
0.9
0.9
1.1
1
0.9
1
0.9
1.1
1
1
0.9
1
1
1.1
1.1
1
1
1
1
1
1
1
1
1.1
1
1
1.1
1
1
1
1.1
1
1.2
1
1
1
1
1
1.2
1
1.1
1.2
1.1
1.1
1.1
1.2
1.1
1.2
1.1
1
1.1
1.1
1.1
1.2
1.1
1.2
1.1
1.1
1.1
1.2
1.1
1
1.2
1.2
1.1
1.2
1.2
1.1
1.2
1.1
1.2
1.3
1.2
1.2
1.3
1.2
1.2
1.2
1.2
1.2
1.3
1.2
1.2
1.2
1.2
1.2
1.2
1.2
1.2
1.3
1.2
1.2
1.3
1.2
1.2
1.3
1.2
1.2
1.3
1.2
1.3
1.3
1.3
1.2
1.4
1.2
1.2
1.4
1.4
1.6
1.8
1.3
1.5
1.5
1.3
1.3
1.4
1.3
1.3
1.4
1.4
1.3
1.5
1.3
1.4
1.4
2.5
1.3
1.4
1.4
1.3
1.3
1.4
1.3
1.4
1.3
1.3
1.4
1.3
1.3
1.4
1.4
1
0.9
0.9
0.9
0.9
0.9
0.9
0.9
0.9
0.9
0.9
0.9
0.9
0.8
0.9
0.9
0.9
0.9
0.9
0.9
0.9
0.9
0.9
0.9
1
0.9
0.9
0.9
0.9
0.9
1
0.9
1
0.9
0.9
1
0.9
1
0.9
1
0.9
0.9
0.9
1
0.9
0.9
1
1
0.9
0.9
1
1
0.9
1
1
1
0.9
1
0.9
1
1
1
1
0.9
1
0.9
0.9
1
1
1
1
1
0.9
1
1
1
1
0.9
1
0.9
1
1
1
0.9
1
1
1
1
1
1
1
0.9
1
1
1.1
1.1
1
1
1.1
1
1.1
1
1.1
1.1
1.1
1.1
1.1
1
1
1
1.1
1
1.1
1.1
1
92.7
2.7
1.6
1.5
1.5
1.5
1.4
1.7
1.5
1.4
1.4
1.4
1.4
1.4
1.4
1.4
1.3
1.4
1.3
1.4
1.4
1.4
1.4
1.4
1.4
1.4
1.4
1.4
1.4
1.4
1.4
1.3
1.5
1.4
1.4
1.3
1.5
1.4
1.4
1.4
1.4
1.5
1.4
1.4
1.4
1.5
1.5
1.6
2.5
1.5
1.5
1.5
1.5
1.5
1.5
1.5
1.6
1.6
1.5
1.5
1.5
1.5
1.5
1.5
1.5
1.6
1.5
2.2
1.6
1.6
1.7
1.6
1.6
1.5
10.3
1.9
1.6
1.7
1.7
1.8
1.7
1.7
2.3
1.7
1.8
1.8
1.7
1.8
2.1
1.8
1.8
1.8
1.9
1.8
1.9
1.8
1.9
1.8
2
1.8
1.9
1.8
1.9
1.8
1.9
1.8
2
1.9
40.1
2.1
1.9
1.9
2
1.9
2.1
2
2
1.9
2
1.9
2
2
2.2
1.9
2.3
2
2.2
2
2.3
2
2.3
16.6
13.2
2.1
1.6
1.4
1.5
1.4
1.4
1.4
1.5
1.4
1.5
1.5
1.4
1.5
1.4
1.4
1.5
1.5
1.4
1.5
1.5
1.4
1.5
1.5
1.4
1.5
1.4
1.5
1.5
1.4
1.4
1.5
1.5
1.9
1.7
1.9
1.8
2
1.7
1.9
1.7
2
1.8
2
1.7
1.9
1.7
2
1.8
2
1.8
2
1.8
2
1.9
2.1
1.9
2
1.9
2.2
1.8
2.1
1.8
2
1.9
2.1
1.9
2.1
1.9
2
1.8
2
1.7
2
1.7
1.9
1.8
1.9
1.8
1.9
1.7
1.9
1.7
1.8
1.6
1.7
1.6
1.8
1.6
1.8
1.6
1.7
1.6
1.8
1.6
1.7
1.6
1.8
1.7
1.8
1.6
1.8
1.6
1.9
1.7
1.9
1.7
1.8
1.7
1.8
1.7
1.8
1.6
1.8
1.6
1.8
1.7
1.8
1.6
1.7
1.7
1.8
1.7
1.8
1.6
1.8
1.7
1.9
1.6
1.9
2
2.4
2.1
2.4
2.1
2.4
2.1
2.4
2.2
2.5
2.1
2.5
2.1
2.4
2.1
2.6
2.1
2.9
2.2
2.5
2.2
2.5
2.2
2.5
2.2
2.5
2.2
2.5
2.2
2.6
2.2
2.6
2.2
2.6
2.2
2.7
2.2
2.7
2.3
2.7
2.3
2.8
2.2
2.6
10.8
3
2.2
2.7
2.2
2.6
2.2
2.6
2.3
2.6
2.2
2.6
2.1
2.6
2.1
2.6
2.1
2.7
2.2
2.7
2.2
2.6
2.2
2.7
2.1
2.7
2.2
2.8
2.2
2.8
2.2
2.7
2.2
2.8
2.2
2.8
2.2
2.7
2.3
2.8
2.2
2.8
2.3
2.8
2.2
2.7
2.2
2.9
2.2
2.9
2.3
2.8
2.3
2.9
2.2
2.9
2.2
2.9
2.2
2.8
2.3
2.9
2.3
2.8
2.3
2.8
2.3
2.8
2.2
2.9
2.3
2.9
2.3
2.9
2.2
2.9
2.2
2.8
2.3
2.8
2.2
2.9
2.3
2.9
2.3
3.1
2.3
2.9
2.3
2.9
2.3
3
2.3
3.1
2.3
3
2.3
3
2.3
2.9
2.3
3
2.4
3
2.3
3
2.4
3.1
2.3
3.1
2.3
3
2.4
3
2.3
3
2.3
3
2.4
3
2.4
3
2.4
3
2.4
3.1
2.4
3.1
2.3
3.1
2.4
3.1
2.4
3.1
2.4
3.1
2.3
3
2.4
3
2.4
3
2.3
3.1
2.3
3
2.4
3
2.4
3.1
2.3
3
2.4
3
2.4
3
2.4
3
2.4
3
2.4
2.9
2.5
3
2.4
3
2.4
3.1
2.4
3.2
27.4
3.2
2.4
3.3
2.4
3.2
2.5
3.1
2.4
3.2
2.4
3.1
2.5
3.2
2.4
3.2
2.4
3.2
2.5
3.2
2.5
3.3
2.5
3.3
2.5
3.3
2.5
3.3
2.4
3.2
2.5
3.3
2.5
3.2
2.4
3.2
2.6
3.2
2.5
11
2.6
3.2
2.6
3.3
47.6
3.2
2.5
3
2.5
3.2
2.5
3.2
2.5
3.1
2.5
3.1
2.5
3.1
2.5
3.2
2.4
3.1
2.5
3.2
2.5
3.1
2.5
3.3
2.5
3.1
2.5
3.1
2.5
3.2
2.5
3.1
2.5
3.2
2.5
3.2
2.6
3.2
2.5
3.2
2.6
3.2
2.6
3.3
2.5
3.3
2.6
3.3
2.5
3.3
2.5
3.3
2.5
3.3
2.5
3.4
2.5
3.3
2.5
3.3
2.6
3.4
2.5
3.4
2.6
3.4
2.6
3.3
2.6
3.3
2.5
3.4
2.6
3.5
2.6
3.4
2.6
3.3
2.7
49.2
38.8
34.8
37.6
58.3
42.7
35.1
33.2
32.9
35.2
34.3
33.8
35.4
34.6
34.8
35.8
34.2
34.8
39.9
39.6
25.2
27.1
26.4
32.2
26.5
25.4
25.4
26
30.6
26.6
27.6
28.8
27.1
27.5
28.5
27.7
28
28.5
27.1
28.1
52.5
28.5
29.1
30.3
39.2
35.9
29
29.9
27.2
29.3
31.9
26.1
28.2
28.2
25.3
27.8
27.7
25.1
27.2
27.2
24.6
27.1
43.5
25.5
27.5
27.3
24.7
27.6
28
25.1
27.9
27.7
24.6
27.9
27.1
24.9
28.5
27.3
27.1
26.2
27.9
27.1
26.2
28
27.1
26.3
27.4
27
27.6
27.6
26.8
28
31
28.3
29.5
29.2
28.3
30
48.2
28.6
29.2
29.6
28.7
29.1
29.8
29.2
29.6
28.9
28.6
29.4
29.1
28.5
29.6
29.3
150.4
30
28.8
28.3
29
32.8
29.7
30.1
30.1
29.8
30.3
30.7
30.5
30.8
30.6
29.8
31.1
31.1
30.5
31.2
31.2
30.2
67
31.7
30.6
30.6
30.3
30.1
31.4
30.9
30.7
32.6
30
30.3
32.5
30.3
30.2
53.5
30.7
30.3
33.8
30.5
30.6
32.5
30.5
31
32.9
31.3
32.5
30.6
31.8
33.5
31
30.6
32.5
31.4
30.2
32.5
30.2
30.1
32.1
30.3
29.6
32.6
31.5
30.3
109.6
49.5
59
33.2
30.6
30.4
33.1
31.9
31.5
33.7
30.8
30.4
38
38.6
29.8
32.2
30.8
40.9
32.3
30.2
35.5
30
28.9
28.2
30.3
28.6
28.1
30.5
29
28.5
30.7
28.9
59.4
31.9
29.1
29
30.8
28.8
30.2
28.6
29
30
29.2
29.1
30.2
29
28.6
30.2
28.6
29
30.1
28.7
29.2
30.8
28.7
28.9
30.6
28.6
29.2
30.7
29.6
29.8
31.3
29.8
29.6
30.9
29.9
30.1
31.2
31.7
28.1
30.9
31.9
27.2
31
30.8
28
30.6
31.4
35.5
27.8
30.5
51.5
33.7
32.4
32
32.6
33.4
31.2
32.4
32.1
31.4
32.5
32.2
31.4
32.2
31.9
34.7
31.5
30.4
29.6
30.7
31.1
29.6
31.1
30.8
30.4
31.9
30.6
30.2
31.9
30.5
30.1
31.6
30.6
30.1
31.3
30.9
30
31.1
31
29.8
31.3
30.7
29.7
30.8
30.5
29.9
31.3
31.3
29.7
31
30.6
29.6
30.9
30.6
29.7
34.2
31.4
30.1
34
31.4
29.9
33.3
31
54.4
33.7
31
30.1
33
30.7
29.7
32.9
30.7
32
31.2
30.7
31.4
31.2
30.7
32.8
31.9
30.5
40.1
42.1
41.9
43.5
42.5
41.2
43.4
43
42
44
42.6
41.5
42.6
42.9
42.2
40.1
39
38
40.2
41.6
38.9
42.3
150
32
31
29.7
29.1
30.2
31.7
29
48.1
31.6
28.6
29.1
36.3
30.6
30.7
32.2
29.8
31.1
32.1
29.9
31
32.3
32.9
29.2
33.5
32.3
30.8
34
32.8
30.7
33.1
33.3
30.6
33.7
33
30.5
33.6
33.2
30.4
51.8
32.8
30
32.8
32
30.3
33.8
32.6
30.4
32.8
31.9
30.3
33.5
33.4
32.3
45.3
33.2
31.8
31.2
32.3
31.8
31.9
32.8
31.8
33.4
33.1
32.2
33.3
33
32.4
34.1
36.8
30.8
31.5
31
31.3
31.8
32
31.1
32.3
31.8
30.8
32.3
31.3
31
32.3
39.5
30.7
31.7
138.2
36.8
35.3
33.8
32.7
34.1
34.2
32.5
33.7
34
36
34.8
34.1
45.7
35.5
28.1
60.7
28.2
28
27.3
27.8
27.5
27.5
49.5
62
27.8
28.5
28.6
28
28.7
27.8
27.5
30.9
28.6
27.7
30.6
29.5
27.5
30.6
28.3
27.8
33.6
27.9
28
28.5
26.9
27.3
29.6
27.5
27.6
29.5
27.5
161.8
38.2
27.5
28.3
29.5
27.5
29
27.9
27.9
27.9
28.3
27
27
26.8
26.5
26.9
27
26.8
27.5
26.7
26.3
27.2
27.5
26.7
28.8
27.9
27.4
29.2
28.9
28.8
28.9
28.2
28
28.8
27.8
27.4
29.5
29.8
27.8
28.6
29.5
27.7
29.3
29.7
27.9
28.9
29.6
27.7
29.3
29.6
28.4
29.7
30
29.7
28.1
30
29.7
27.3
29.3
29.5
39.5
29.7
29.5
28.8
28.3
246.6
24
21.8
19.1
39.5
50.9
13.8
20.7
19
8
18.9
18.7
7.4
18.1
18.6
7.4
31
29.9
13.2
32.8
28.4
13.3
115.8
27.9
13.3
32
28
13.8
32
30.2
14.4
31.8
30.7
14
32.5
30
13.8
32.2
23
7.3
36.1
17.8
7.4
19.3
18.2
7
19.1
18.1
7.1
18.2
18.5
7.1
19.5
18.5
7.1
19.3
17.7
7.1
18.9
18.7
7.3
18.7
18.5
7
19.2
19
7.3
19.2
17.7
7.1
18.8
19
7.4
19.1
18.6
7
18.9
18.4
7
19
18.3
6.9
19.2
18.8
7
19.2
19.9
7.3
18.9
19.7
7.2
19.5
19.6
7.1
19.1
19.8
9.1
19.6
19.9
7.3
18.9
20.3
7.3
19.6
19.3
7.1
20.5
18.4
7.3
20.4
18.2
7.3
20
19
7.7
21
18.2
7.4
20.5
18.3
7.3
20.9
18.1
7.2
20.5
18.5
7.3
20.9
19.1
7.4
20.5
17.6
7.2
20.9
18.3
7.3
23.1
17.2
7
19.4
18.3
7
19.3
18.7
7.1
19.1
18.7
7.6
20
23.6
10.4
19.8
29
7.3
20.7
18.9
7.3
19.9
20.3
7.1
18.5
25.4
8.6
22.3
23
8.6
21.9
23
8.7
22.1
104
8.6
21.8
22
8.5
22.3
23.9
8.8
23.1
22.8
8.9
22.2
23.6
8.6
22.2
23.9
8.7
23.3
23.5
8.9
28.1
17.1
6.9
19.1
17.5
6.9
18.7
17.5
7.2
19.3
17
7
18.8
17.2
6.8
27.1
21.5
8.7
24.9
21.9
9
24.3
22
8.5
24
21.5
8.6
25
22.2
8.7
24.4
21.4
8.7
23.9
21.3
8.7
24.4
21.6
8.6
24
21.5
8.7
24.6
20.9
8.7
24.4
21.9
8.7
24.3
22.4
9.2
24.3
21.3
9.1
24.4
45.8
13.9
24.9
21.6
9.1
24
25.1
8.6
23.1
20.1
8.4
22.7
24.7
31
23.1
22.4
31.9
22.1
21.7
30.1
24.9
20.3
29.7
23.5
24.4
30.8
24.4
23.1
33.1
22.4
22.8
30.7
24.2
21.1
30.2
25.2
23.3
32.1
23.3
23.5
35.9
22.3
21.7
32
23.4
20.4
10.2
23.7
20.3
9.6
23.2
20.6
9.4
23.1
20
9.2
23.5
20.5
9.2
23.7
20
9.3
23.4
20.4
9.2
23.2
57.7
10.2
26.2
20.2
9.5
25.6
21.2
9.7
25
20
9.5
24.6
20.1
9.4
24.8
19.9
9.4
24.1
19.9
9.4
24.8
20.1
9.5
24.6
21.7
9.5
34.5
32.9
9.3
23.6
20.8
9.2
24.2
21.6
9.2
24
21.9
9.3
24.2
21.7
9.9
27.5
20.6
8.9
22.7
20.2
8.8
22.7
20.2
8.8
21.6
20.9
8.9
22
20.2
8.8
22.2
20.2
8.9
23.7
20.2
9.1
23
20.1
9.2
23.3
20.8
9.2
24
21.2
9.7
23.4
20.2
9
23.1
20.5
8.9
23.5
20.8
8.9
28.7
20.4
9
22.8
19.8
8.8
22.6
20.6
8.9
23.2
20.6
9
23.2
23.3
8.7
22.7
19.6
8.6
95.2
20.3
8.6
22.9
20.2
8.5
22.2
20
8.6
22.2
20.4
11.1
20.8
18.1
7.9
21
18.3
7.9
22
17.9
8.1
22
18.2
8.6
22.2
18.1
8.4
21.6
18.2
8.1
22
18
8
21.6
18.3
8
28.2
18.1
7.9
20.3
18
7.8
20.6
17.8
7.8
20.6
18.2
7.8
20.2
18.2
7.9
20
18
7.8
20.5
17.8
7.8
20.4
18.2
7.9
20.7
17.8
8
20.3
18
7.7
20.6
17.9
7.9
20.6
18.2
7.9
20.3
18
7.8
21.8
18.3
8
21.8
17.9
8
21.9
18
7.9
21.9
18.1
8.1
21.7
18.3
7.9
21.9
18.2
8
21.5
18.6
8.3
21.7
19.6
8.2
26
19.4
8.2
21.6
19.8
8.2
21.9
19.2
8.2
22.3
19.2
8.3
22.1
19.6
8.2
21.9
19.7
8.2
21.8
19.7
8
21.7
19.6
8.2
20.6
19.6
8
20.8
19.6
8
20.7
19.3
8.2
22.1
19.4
8.4
22
19.3
8.1
22.4
19.1
8.3
22.2
19.7
8.2
22
19.7
8.4
21.7
19.8
8.2
21.8
19.4
8.1
21.7
19.3
8.2
22
19.2
8.2
77.9
18.4
8
20.4
18.9
7.8
21.6
35.7
8.2
60.3
34.8
14
22.5
18.5
8.1
20.4
18.3
8.1
32.6
18
7.8
20.9
18.2
7.7
20.3
18.7
7.8
20.9
19.2
8
23.1
19
8.2
22.5
19
8.1
21.9
18.7
8.3
22.2
18.8
7.9
98.8
20.2
11
22.3
17.9
8
20.5
27.3
11.7
21.3
19.3
19.8
31
18
8.1
20.6
17.9
7.8
32
18
7.5
20
17.7
7.3
19.4
17.8
7.4
20.4
18
7.5
32.2
18.4
7.4
28.8
28.4
7.8
46.2
19.5
7.7
21.5
20.8
7.6
20.5
18.2
7.4
24.8
17.1
7.6
42.7
17.5
7.6
21.1
18.2
7.7
20.6
17.6
8
20.8
27.5
7.7
20.1
17.6
7.7
21.4
17.4
8
21.4
19
7.9
20.5
18
7.7
21.2
18.1
7.8
31.8
21.6
7.9
20.7
18.7
7.6
24.6
17.7
7.5
19.9
17.5
7.4
20.9
18
7.5
20.4
19.1
7.5
19.3
18.1
7.4
18.9
17.8
7.3
19.2
17.9
7.4
24.4
18
7.2
20
17.6
7.2
28.8
17.2
7.3
19.4
17.3
7.3
20.2
21.1
7.4
20.6
17.6
7.3
19.8
17.1
7.3
19.4
17.5
7.3
19.6
17.7
7.3
19.7
17.5
7.2
19.6
17.6
7.2
19.6
17.9
7.2
19.5
17.8
7.3
24.7
17.9
7.1
19.4
17.8
7.1
19.3
25.8
7.2
19.5
17.4
7.3
19.5
17.2
10.3
20.2
17
7.2
23.3
16.9
7.4
20.1
17.3
7.4
19.8
17.2
7.4
19.8
16.7
7.2
19.6
17.1
7.1
20.1
17
6.9
19.1
16.9
6.9
18.9
16.8
6.9
18.5
16.8
6.9
18.8
17.1
6.9
27.3
17.3
7
19.3
17
7
18.5
23.3
6.8
18.7
16.7
6.9
18.4
16.8
6.8
18
16.5
6.8
18.1
16.4
6.8
18.4
17
6.8
18.4
16.9
6.8
20
20.7
6.8
19.2
16.3
6.8
18.8
16.5
6.9
19.4
16.7
6.9
19.3
16.2
6.8
27.9
16
7.2
19.1
16.7
7.1
22.8
17.8
7.1
19.9
17.5
7
19.1
17.4
6.9
19
17.4
6.9
18.7
16.8
6.9
18.7
17.1
6.8
19.4
16.8
7
19.3
21.5
6.7
18.4
17.6
6.7
17.9
16.9
6.6
17.9
17.2
6.7
18
24.9
6.9
18.7
17
6.8
21.8
17.5
6.8
18.7
17
7.1
18.7
20.7
6.6
18.6
17.2
6.6
17.8
16.6
7
18.1
16.1
8
18.5
17
6.6
18.4
16.8
6.6
17.6
16.9
6.6
18.6
16.6
6.7
18.7
17.1
6.7
19.6
24.2
7
21
16.4
6.6
18.1
16.9
6.7
18.1
16.5
6.6
18.7
17.1
6.7
18.2
20.9
6.6
17.6
15.9
6.6
23.2
16.1
14.2
19.3
16.7
7.2
19.4
16.7
8.2
23.8
17.1
7.2
23.4
16.7
6.6
27
16.5
6.8
17.7
15.8
9.3
18.8
16.8
6.6
18.8
16.8
6.5
17.8
16.5
6.5
18.4
16.5
6.4
18.2
17.1
6.5
18.5
16.6
6.5
18.6
16.4
6.5
18.2
16.7
6.7
18.2
15.6
6.5
18
16
6.5
18.5
16.3
6.6
17.8
24.1
6.8
18.7
29.7
6.8
22.1
17.3
6.8
21.7
16.2
6.5
18.3
16.5
6.5
18.7
16.5
6.5
18.3
29.1
7
22.3
17.5
10.1
30.3
17.4
6.7
18.3
17.3
6.9
18.2
17.3
9
23.4
21.4
6.7
17.9
25.2
6.9
20.7
29.7
6.9
23.4
30.2
7
57.2
18
6.7
32.1
19.2
6.8
18
17.7
10
17.1
17.1
6.5
17.1
17
6.5
20
10.7
26.4
18.8
18.1
6.8
18.2
26.1
6.6
18.6
20.3
15.9
19.6
19.7
6.8
20.2
24.2
7.1
23.4
18.6
6.6
18.2
18.4
6.5
19.1
32
7.1
20.1
19.9
7
19.7
23.5
6.7
18.9
17.8
6.5
19.3
19.1
6.5
19.8
19.1
16.7
682.1
18.8
14.6
19.4
19.8
7.2
20.1
20.3
7.1
19.4
19.1
7
22.9
31.5
6.8
19.6
12.6
7.8
23.3
12.7
6.9
18.8
12.9
7.2
31.8
12.5
7.3
19.9
13.2
7.3
20
17.2
12.8
33.5
12.2
7.4
21.1
11.7
7.7
20.2
12.1
7.7
24.4
24.1
7.6
20.6
12.1
8.9
21.5
12.1
11.9
22.5
11.6
14.6
20.7
11.8
13.2
20
12.3
11.4
20.3
11.8
10.2
38.4
11.7
7.5
20.9
11.6
7.6
20.4
11.6
7.5
21.2
16.7
9.6
33.6
13.5
8.3
21
13.5
11.6
20.9
13.4
11
19.7
17.5
8.7
33
12.9
8.2
20
12.8
11
19.8
13.2
17.3
19.1
24.8
9.1
19.8
13.3
7.3
20
15.5
7.6
20.5
13.3
7.6
24.6
12.3
7.4
18.4
12.8
11.8
18.8
12.8
7.7
33.7
12.4
7.5
20.3
15.8
7.2
33.9
11.8
11.7
19.9
11.7
22.2
22.3
16.6
7.6
34.9
13.1
10.9
20
12.5
11.6
19.3
12.7
9.9
20.1
12.3
9
33.8
17.5
8.1
480.8
13.9
10.4
34.8
13.4
7.8
21
13.3
8.4
20.3
17.4
7.2
20.8
13.1
7.5
36.7
12.4
7.3
20.6
12.8
9.6
31.5
13.8
8
26.5
12.5
8
20.9
13.3
8.2
20
12.8
9.2
21
13.3
8.3
21.9
12.3
7.7
20
12.8
7.5
19.9
13.4
7.4
19.7
13.5
10.8
20.1
13.8
8.4
20
13.1
8.5
19.8
13.5
9.3
13.8
19.6
9.3
13.7
19.8
9.3
13.4
19.5
7.7
13.6
20.6
7.7
13.7
20.2
8.1
13.7
20
8.1
14.5
19.7
8.5
13.7
19.1
8.2
13.3
19.3
9.1
13.4
19.2
7.4
13.6
20.2
7.8
13.7
19.9
7.8
13.9
20.9
9
14.8
20.4
8.4
13.6
21.8
8.2
13.7
21.2
10.2
14.2
20.4
8.4
13.1
20.5
9
12.9
40.8
8.7
13.6
23.6
8.4
14.8
21.7
10.7
13.9
21.2
9.7
13.3
21.6
13.8
13.6
21.6
12.9
12.5
20.5
9
12.4
21.7
8
12.7
21
19.5
13.1
25.8
7.4
13.8
32
7.8
14.5
19.9
7.7
13.9
19.9
8.4
14.8
20.9
8.8
18.2
19.8
8.5
13.3
20.2
8.1
13.2
19.8
9.4
13.5
20.8
9.3
30.7
22.6
9.7
14.3
22.4
9.9
14.3
21.6
8.1
18.5
19.7
7.5
26.6
21.4
11.7
16.1
21.3
7.9
14.5
20.5
12.2
15
25.9
9.1
27.4
21.3
7.8
14.2
21.4
11
13.5
26.2
7.4
13.9
34.3
8.4
14.4
21.7
12.8
13.8
33.5
9.2
15
22.4
7.9
14
21.8
8.6
14.6
21.5
9.2
15.2
20.9
9
14
21.5
9.6
14.2
21.3
9.5
14
21.3
9.4
14.1
20.1
9.1
14.5
20.5
9.4
15
20.9
9.8
15.4
20.7
10.4
14.7
64.4
9.3
15.1
20.1
9.1
14.2
24.5
9.7
54.1
22
10.2
14.8
57.3
10.5
15.8
21.1
9.6
15.4
21.3
9.9
15.5
22.4
10.3
16.4
23.6
10.3
16
22.8
10.7
16.4
23.6
11.1
17.1
23.3
11.1
16.3
24.4
10.2
16
27.9
9.7
15.7
22.7
9.9
14.8
21.5
10
18.5
34.1
9.8
15
22.9
8.8
14.7
22.9
9.9
14.8
22.1
14.7
15.6
22.3
13.7
14.4
22.4
15.9
14.3
21.9
12.2
29.8
21.4
9.8
15.1
32.9
9.8
14.9
21.1
9.7
15.4
21.6
10
17.2
21.3
10.4
14.2
21.6
9.6
14.9
34.1
9.7
15.9
25.9
8.9
28
22.3
10.3
16.3
21.5
8.8
27.8
22.3
10.1
16
22.1
15.7
15.2
25.5
19.5
15.1
38.5
8.9
19
21.6
9.4
15.1
34.3
9.8
15.7
24.9
11.4
24.4
22.6
10.4
19.7
71.1
15.4
15.4
35.5
8.7
15.1
23.1
14
16.2
22.1
11.7
14.8
26.1
9.8
28
22.6
16.2
16.9
24.7
10.9
15.9
27.8
10.5
23.8
22.6
17.1
15.5
22.8
14.7
15.3
24.2
10.3
16.1
23.6
9.5
16.6
22.2
9
16.3
22.5
10.6
16.7
23.1
10.7
17
22.7
10.7
17.3
22.7
9.9
16.4
22.5
10.3
16.8
27.2
10.3
16.2
21.8
10.4
15.8
22.9
11.9
16.4
22.4
10.3
16
22.2
13.4
16.6
22.3
12
20.6
35.2
10.8
16.9
24.9
11.3
16.8
23.7
10.5
16.4
23.5
10.4
16
23.7
9.9
16.6
23.6
10.3
15.6
24
10.6
15.2
26.5
8.3
38.8
37.8
11.6
18.1
26.7
11.9
16.7
24.9
12.3
16
24.5
10.8
15.4
27.7
10.6
15.7
22.9
13.9
28.4
23
14.9
15.5
22.7
21.2
16.6
22.6
9.1
19.6
34.4
10.4
16.4
26.8
10.4
15.2
36.5
10.9
16.7
27.9
9.8
28.4
23.5
10.9
19.1
34.7
10.2
16.2
22.9
14.9
28.2
23.4
8.9
20.9
22.7
12.4
22.3
23.6
10.2
20.5
36
10.1
16.7
26.8
10.2
28.7
32.4
14.1
16.9
35.8
10.2
16.7
23.2
10.2
16.8
23.6
11.4
16.6
616
10.7
30.2
22.9
10.6
16.6
26.5
9.2
16.8
23
9.1
16.6
25.1
9.3
16.9
29.6
11.4
24.5
25.1
9.2
16.2
24.5
10.8
16.9
23.3
8.5
16.4
23.9
13.8
20.7
36
10.6
20.8
21.8
18.4
28.8
26.1
9.3
17
24.1
13.3
15.9
23.2
10.4
16.3
22.5
11.4
16.8
22.2
20.8
17.2
22.8
10.5
17.7
23.4
10.3
20.6
22.2
9.8
16.6
21.6
9.9
16.5
22
10.5
25.7
23.6
10.4
16.7
26.6
10
16.7
23.4
10
17.1
22.8
9.9
16.3
21.9
10
17
22.9
10
16.3
22.1
8.7
22.1
22.3
7.8
22
23.2
7.8
23.2
24.4
8.1
396.5
24.3
9.7
23.3
24.2
8.1
21.9
23.1
7.6
22.3
23.5
7.8
23
23.9
7.9
22.5
24.7
7.9
23.2
23.8
7.8
35.2
22.5
8.1
22.8
25.4
9.9
23.3
22.6
11.2
22.6
21.6
7.8
22.3
22.1
7.8
22
22.2
7.6
22.9
22.2
7.5
22.3
22
7.5
22.9
22.8
7.6
29.2
22.4
7.5
22.4
26.7
8
26
23.4
7.9
22.4
22.5
9.7
22.6
21.9
7.5
22.6
22.7
7.6
22.7
22.3
7.5
22.7
23.1
7.6
22.9
22.5
7.4
22.2
22.2
7.5
22.9
23.8
9.9
36.7
23.3
10.5
27.6
35.2
7.8
23.3
28.5
11.2
24.2
29.4
8
27.7
23.3
7.6
23
23.7
7.6
41.8
37.5
8.3
24.4
28.8
10.3
23.2
23.4
7.9
24.3
23.3
11.5
26.2
24.7
16.2
31.8
36.9
8.5
25.4
24.5
10.3
24.9
23.4
8.1
25.5
23.6
8.1
25.2
24.7
8
25.7
43.2
15.5
28.4
25.2
8.6
24.7
24.9
8.5
24.9
24
8.5
24.8
27.5
8.1
24.3
24
8.4
25.3
18.9
17.5
26.7
30.6
49.5
38.2
17.4
11.4
27.1
21.2
11.2
31.1
17
9.8
27.2
15.6
8.3
23.1
15.8
9.8
26.9
15.9
18.8
24.3
15.9
9.5
27.3
29.7
2.1
19.2
17.8
23.6
2.1
2
8.9
23.6
16.3
2.1
2.1
8.1
24.9
22.7
2.1
2
9.4
17.2
23.5
2
2.1
10.2
37.1
16.3
2.3
2.1
8.8
29.5
36.4
5.3
24
15.4
36.7
18.5
2.2
2.1
11.4
30.5
23.5
2.2
2
11
17.9
24.3
2.1
2.1
10.6
25.1
17.8
2.2
2.1
8.5
25.9
23.6
2.1
2.1
9.7
22.9
29.1
2.1
2.1
8.9
37.7
18
2.2
2.2
9.3
28.9
37.6
2.2
2.2
9.5
23.5
23.4
2
2.1
21.1
25.6
22.6
2.1
2.1
8.6
24.9
23.1
2.3
2.1
9.4
19.9
23.7
2.4
2.5
8.9
31.7
19.6
2.1
2.4
10.3
25.7
23.7
2.3
2.1
9.8
18.3
24.1
2.1
2.1
9.6
25.8
18.4
2.3
2.1
8.9
25.7
24.7
2.1
2.3
10.4
18.7
22.9
2.1
2.1
9.6
26.3
16.9
2.1
2.1
8.8
25.5
25.6
2.2
2.1
9.5
18.7
24.2
2.1
2.1
13.1
34
19
2.2
2.2
12.1
25.6
237.6
9.5
4.3
13
23.2
25.2
2.2
2.2
9.7
27.6
19.7
2.2
2.2
9
27.5
25.1
2.3
2.2
10
20
27.3
2.2
2.2
9.5
26.3
18.9
2.2
2.2
9.2
27.8
25.5
2.2
2.2
11.2
21.2
27
2.2
2.2
12.5
27.5
20.5
2.2
2.2
9.3
27.9
24.9
2.2
2.2
11.8
20.6
26.3
2.2
2.2
11.5
28.3
19.2
2.6
2.2
10.2
28.4
28.3
2.2
2.3
10.9
21.9
27.5
2.2
2.2
11.1
29.2
20.1
2.2
2.2
9.3
28.7
26.5
2.3
2.2
11.7
20.3
25.8
2.2
2.3
11.4
39.5
20.2
2.3
2.2
9.4
31.7
37.9
2.2
2.2
14.1
20.2
25.9
2.2
2.3
81.4
66
20.7
2.3
2.2
9.8
26.6
29.2
2.2
2.2
9.8
32.1
24.8
2.4
2.5
16.1
25.9
20.4
2.3
2.6
9.7
26.3
41
2.7
2.3
14.6
21.7
25.4
2.5
2.5
12.6
28.2
24.3
2.3
2.3
12.9
28.4
26.4
2.3
2.4
16.9
19.7
25.2
2.3
2.3
14
32.4
32.3
2.5
2.2
9.4
27.7
26.1
2.3
2.4
16.7
20.1
25.5
2.4
2.3
9.7
32.6
18.2
2.3
2.2
14.2
26.3
29.1
2.4
2.3
11.7
21
25.7
2.3
2.3
17.3
28
19.8
2.3
2.3
9.4
27.6
26.1
2.3
2.2
12.7
20.7
25.1
2.3
2.3
11.3
27.5
19.3
2.3
2.3
9.4
28.7
24.7
2.3
2.3
12
21
27
2.3
2.3
11.4
27.8
20
2.3
2.3
9.6
29.6
26.3
2.3
2.3
12
21.1
47.3
2.9
2.3
11.3
28
18.7
2.3
2.3
9.5
32.4
24.9
3.1
2.6
9.9
20
25.8
2.2
2.2
11.6
40.2
20.2
2.4
2.3
9.6
28.7
26.5
2.3
2.3
11.9
21
29.6
2.2
2.2
11.1
27.2
19
2.2
2.2
9.1
27.3
25.2
2.3
2.2
11.5
20.7
25.5
2.4
2.2
10
27.3
19.6
2.2
2.2
11
27.3
25.2
2.2
2.2
11.4
20.5
25.1
2.4
2.2
10.9
26.2
19.1
2.2
2.4
10.2
27.1
25.9
2.5
2.2
12
21.5
25.5
2.6
2.7
9.6
26.9
20.7
2.2
2.4
11.2
27.1
25.2
2.3
2.3
11.3
20.6
26.1
2.3
2.2
11.1
27.9
19
2.7
2.2
9.4
32.4
27.5
2.4
2.4
10.9
21.6
41.8
2.3
2.3
10.9
30.3
21.2
2.3
2.3
9.8
33.4
27.7
2.5
2.4
10.8
34.2
27.4
2.4
2.3
16.3
29.5
22.2
2.5
2.4
13.3
29.8
28.6
2.4
2.5
12.7
22.4
26.8
2.5
2.3
10.3
30.2
21.2
2.3
2.4
13.4
53.5
26.3
2.3
2.3
11
21.1
27.8
2.3
2.2
11.5
27.5
20
2.3
2.4
9.2
28.9
26.2
2.3
2.3
12.2
20.9
26.8
2.3
2.3
10
28.6
20.3
2.3
2.3
11
29.2
27.9
2.3
2.4
10.8
21
27.3
2.3
3.2
11.6
29.6
21.5
2.6
2.4
14.4
29.1
27.6
2.3
2.3
11.3
21.9
28
2.3
2.3
11.6
28.9
20.7
2.3
2.3
11.2
28.7
32.2
2.3
2.3
10.4
24.1
27.6
2.4
2.3
18.7
29.5
21.1
2.4
2.4
11.5
29.2
27.3
2.4
2.4
12.9
22.5
31.2
2.3
2.3
22.1
29.1
21.2
2.4
2.4
11.6
29.7
27.6
2.5
2.4
12.1
22.9
27.2
2.9
2.8
14.7
29.4
22.3
2.4
2.9
11.8
33.1
28.3
2.9
2.7
12.7
22.3
27.9
2.4
2.5
12.2
22.8
29.3
2.5
2.5
12.6
29.4
20.6
2.5
2.9
10.5
29
27.1
2.5
2.5
12
21.7
27.9
2.4
2.5
11.1
29.6
20.7
2.5
2.5
10
28.8
27.6
2.4
2.5
12.2
21.8
29.6
2.4
2.4
12.2
29.4
21.1
3.4
2.4
10.2
29.9
27.3
2.5
2.4
12.3
21.3
29.1
2.5
2.5
13.6
28.9
21.1
2.5
2.5
10
29.9
27
2.4
2.4
12.2
21.3
29.1
2.5
2.4
12.1
30.1
20.2
2.4
2.5
10.3
29.6
27.7
2.4
2.5
12.1
21.2
29.6
2.5
2.5
12.4
30.6
19.4
2.4
2.5
10.1
29.7
28.5
2.5
2.4
10.4
21.5
28.5
3
2.5
15.8
30.4
20.9
2.5
2.6
10.3
31
28.7
2.5
2.6
11.5
22.4
29.7
2.5
2.5
12.6
30.3
20.5
2.5
2.6
10.4
35.9
27.7
2.4
2.4
13.1
34.1
29.4
2.5
2.5
12.4
29.7
21.8
2.5
2.5
10.4
29.3
43.4
2.6
2.5
12.2
22.8
29.1
2.5
2.5
12.4
30
20.1
2.5
2.5
11.7
30.7
29.3
2.5
2.7
10.9
23.1
30.1
2.5
2.8
12.8
30.2
20.7
3
2.5
11
34.9
27.5
2.5
2.5
11.7
21.5
29.6
2.4
2.5
12.4
42.4
22
2.5
2.6
10.5
30.1
33.3
2.4
2.4
13.9
35.4
30.4
2.8
2.5
15.5
31.3
22.8
2.5
2.5
10.5
30
28.4
2.6
2.5
12.5
24.1
28.7
2.6
2.5
12.5
45.8
21
2.6
2.5
10.6
30.1
29.2
2.5
3.5
13
25.3
29.8
2.4
2.4
12
29.8
20.4
2.4
2.5
10.2
35
28.2
2.5
2.5
12.3
26.5
29
2.4
2.4
13.8
30.1
20
2.5
2.4
10.5
28.5
28
2.4
2.5
10
20.9
27.7
2.5
2.4
11
29.5
19.8
2.4
2.5
10
29.8
28.6
2.4
2.4
12
22.3
28.3
2.4
2.5
12
31.7
20.5
2.4
3
10
22.7
28.1
2.5
2.5
10.9
22
20.7
2.5
2.4
13.9
29
20.8
2.4
2.4
10.6
22.9
27.9
2.5
2.5
14.3
26.5
29.6
2.9
2.7
12.6
31
24.2
2.6
2.5
11.7
24.7
39.6
2.8
2.8
20.5
23.9
23.3
2.6
2.5
12.4
31.8
21.9
2.6
2.6
23.2
23
28.7
2.5
2.5
13.7
21.8
21.8
2.5
2.5
10.9
31.2
22.6
6.9
2.5
12.8
24.3
29.7
3.1
3.1
13.7
23.8
24.1
2.6
2.8
11.5
30.8
22.7
2.8
2.6
11.5
24.4
29.8
2.6
2.7
15.1
24.9
28.2
2.6
2.5
13.6
30.1
28.3
2.6
2.7
12
23.5
28.2
2.5
2.5
14.1
28.2
23.4
2.6
2.6
11.2
33.8
26.1
2.6
2.6
15.4
25
31.1
2.7
2.6
12.4
25
22.9
2.6
2.6
17.6
31.2
23.4
2.6
2.6
16.3
24.4
29
2.6
2.6
14.9
24.7
24
2.6
2.6
12.5
31.8
22.7
2.6
2.7
14.4
25
30.6
2.6
2.6
14.5
23.7
27.9
2.5
2.5
11.9
31.6
21.5
2.5
2.5
12.2
24.9
29.8
2.5
2.5
13.6
22.8
23.5
2.6
2.5
12.1
31.4
22.4
2.5
2.5
12
27.4
31
2.6
2.6
13.6
24.5
23.5
2.9
2.7
14.2
32
22.5
2.7
2.6
10.9
24.2
30.4
2.6
2.6
13.5
28.8
23.2
2.7
2.6
12.2
30.8
26.4
2.7
2.6
13.1
26.1
29.8
2.6
2.7
14.5
25.1
24
2.6
2.7
11.2
31.7
23.7
2.8
2.6
13
24.5
30.8
2.6
2.7
14.9
24.1
25
2.6
2.7
12.6
32
23.6
2.7
2.7
12.7
30.2
30
2.9
3.9
14.7
25.8
26.1
2.7
3.3
13
31.6
24
3
2.6
15.2
25.8
30.4
2.9
2.8
15
25.1
24
2.7
2.7
12.9
32.1
22.8
2.8
3
17.6
25.9
31.2
2.7
2.7
14.8
25.4
24.3
2.7
2.7
12.7
40.3
24.3
2.9
2.7
16.6
25.3
30.3
2.7
2.7
15.2
29.2
22.4
2.6
2.6
11.1
31.4
23.5
2.6
2.6
12.6
24.7
29.2
2.6
2.7
11.5
25.1
25.2
2.6
2.6
10.8
31.6
24.1
2.8
2.6
11.3
29.5
125.9
28.7
7.3
22.7
32.8
28.5
3.1
3.1
13.6
37.1
26.5
3.1
3
16.5
29.9
35.5
3.1
3.1
17.9
28.8
26.9
3
2.7
12.6
33.9
24
2.9
2.8
12.8
25
32.5
2.8
2.9
15.2
27
26.1
2.9
2.7
13.1
34.9
26.9
3.8
3
13.1
27.4
32.9
2.7
2.8
19.8
26.8
63.8
3.9
3
13.9
33.3
24.4
2.9
2.8
13.5
26.9
31.7
2.9
3
13.2
26.1
25.4
2.7
2.7
16
34.2
23.8
2.8
2.7
13.6
26.4
33.2
2.7
2.8
14.9
27.1
28.1
2.8
2.8
13
34.4
25.1
3
2.7
13.6
27.3
33.6
2.8
2.9
13.6
26.3
31.9
2.6
2.9
15.2
34
23.6
3.3
2.7
13.4
28.3
31.1
3.1
3
14.3
24.6
26
2.7
2.7
15.7
33
23.4
2.7
2.7
12.9
25.5
30.7
2.6
2.8
14.6
26.6
24.9
3.1
2.6
12
32.9
24.5
2.8
2.7
15.4
25.4
31.2
2.8
2.7
14.4
25.8
24.4
2.6
2.6
12.1
32.5
25
2.8
2.6
12.6
24.6
31
2.7
2.7
14.3
26
25.1
2.7
2.7
10.7
32.1
24.3
2.6
2.7
12.8
25.3
31
2.8
2.6
13.1
24.8
24.9
2.7
2.6
12.5
32.3
24
2.7
2.7
12.7
25.6
40.3
2.9
2.9
14.7
24.9
25.3
2.6
2.6
12
55.9
26.2
2.9
2.7
18.5
29
34.5
2.9
2.8
14.6
24.9
25.2
2.9
2.9
11.6
33.2
24.6
2.8
3
13.1
24.9
31.3
2.8
5.8
36.3
32.9
25.6
24.6
2.8
17.1
26.2
31.8
2.8
2.9
15.2
26.4
30.5
2.8
2.7
17.4
30.8
23.3
21.3
2.6
13.7
25.5
30.1
2.8
3.2
13.8
29.1
23.8
2.6
2.6
10.8
31.6
24.1
2.7
2.6
14
26.6
30.5
2.6
2.7
13.9
24.4
26.6
2.7
2.6
13.7
30.8
23.7
2.9
2.7
12.5
28.7
29.9
2.8
4
13.9
25.2
26.3
2.6
3.1
13
31.6
23
3.3
2.6
11.7
25.9
30.7
2.7
2.7
14
24.3
25.7
2.6
2.6
12.3
32.1
24.3
2.6
2.8
12.4
25.1
30.1
2.6
2.6
17.7
25.5
24.1
2.7
2.6
12.3
31.3
27.7
3.3
2.7
10.9
24.6
30
2.6
2.6
16.1
25.7
24.4
2.7
2.6
12.3
31.9
24.2
2.7
2.6
12.3
25.7
30.1
2.6
2.6
14.1
25.5
25.2
2.8
2.6
12.4
31.7
24.3
2.7
2.6
12.4
26
29.9
2.6
2.6
12.8
24.6
25.9
2.7
2.7
12.7
31.5
23.8
2.6
2.7
12.6
25.1
30.7
2.6
2.6
13.4
24.7
25.6
2.7
2.6
12.5
32.1
23.7
2.6
2.6
12.6
25.5
30.7
2.7
2.6
12.9
25.3
28.3
2.9
2.7
12.7
32.4
24.8
3.4
3
12.5
24.8
31
2.7
2.7
14.1
25.9
25.2
2.6
2.6
12.3
32.5
24.7
2.7
2.6
12.6
25.7
31.9
2.7
2.7
2.7
2.7
12.3
32.8
25.1
2.8
2.7
2.7
12.4
32.4
24.7
2.7
2.7
12.5
25.6
30.4
2.6
2.7
14.4
26.2
25.8
2.6
2.7
12.3
33.5
25.1
2.8
2.7
12.6
26.3
31.2
2.9
2.8
12.7
26.1
25.9
3
3
19.8
38.1
38.9
3.9
3
15
29.8
32
3.2
3.1
20.2
28
28.3
3
3
12.5
34.5
25.7
3
3
14.3
27.2
32.8
3
3
18
28.7
27.1
3.2
3
16.2
38.6
31.7
2.9
2.8
15.8
27.1
32.3
3
2.8
18.2
27.9
30.7
3
3
13
35
26.8
2.9
2.9
14
27.2
34.1
3
4
16.2
29.5
28.2
2.9
2.9
14.1
35.3
31.9
2.8
2.8
14.2
27.3
32.8
2.8
2.9
13.4
36.5
34.6
3.1
3
19
36.1
25.7
3
3
14.7
28.5
35.1
3
2.9
19.3
27.3
27.3
3
2.9
14
35.2
29.8
2.9
2.8
13.9
27.1
32.1
2.8
2.9
13.8
27.3
33.7
3.8
2.9
15.2
42.1
26.8
3
3.5
14.3
28.8
34.5
3
3
16.6
28.5
28.1
3
2.9
14.1
35.3
27.7
3
3
12.8
31.5
33.3
2.8
2.9
15.7
27.6
43.4
3.2
3
24.9
42.4
28
3
3
14.8
28.5
33.4
3
3
16
28.3
27.9
3
3
14.4
35.3
27
3
3
14
31.1
33.6
3
2.9
17.1
27.8
26.3
2.9
3
13.4
47.2
26.1
7.9
3
18.6
24.6
35.1
3.6
3.6
18.3
28.2
22.7
3
3.2
14.2
34.1
25.6
3.1
3
16
22.6
37.7
2.9
2.9
16.9
27.4
21.7
3.1
2.8
12.7
34.3
35.5
3.5
3.1
19.4
23.2
34.8
3.1
3
18
29
22.9
3.1
3.1
14.1
35.8
27.9
3.2
3
16
22.6
33.6
3
3.1
15.5
32.5
20.1
2.9
2.9
17.8
33.1
25.6
3
2.9
15.4
32.2
34.9
2.9
2.9
18
28.3
23
2.9
2.9
14.9
35.2
26
2.9
2.9
16.1
23.9
33.9
2.9
2.9
17.3
27.1
22.6
3
2.9
12.2
34.1
25.9
3.1
2.9
19.8
23.9
43.9
3.5
3
19.9
32
23
3.1
3.1
14.2
36.3
25.8
3.1
3.1
16.8
23.3
33.9
3
3.1
19.1
28.2
22.2
3.4
3
15.1
41.3
27.1
2.9
2.9
14.4
22.7
33.5
3
3
22.7
32.4
26.3
3
3
16.9
36.2
27.9
3.1
3
16.4
24.3
35.4
3.1
3.2
18.2
30.7
22.3
3
3.1
13.3
41.3
26.6
3.1
3
15.6
23.6
32
2.9
3
16.4
36.8
25.1
3.3
3
26.1
37.1
27
3.1
3.1
19
373.3
35.7
3.9
4.4
158.8
30
24.5
3.1
3.6
17.2
62.8
28.3
3.9
3.1
18
27.1
34.1
3.4
3.3
19.3
24.6
30.6
3.5
3.3
17.8
37.3
22.1
3.4
3.3
15.7
31.7
33.8
3.4
3.1
18.1
23.4
30.6
3.3
5.3
20.7
37.1
20.8
3.1
3.1
16.4
30.7
34.8
3.3
4.3
20
28.1
31.5
3.1
3.1
16.7
37.8
21.6
3.2
3.1
21.5
38
36
3
3
21.3
23.7
33
3.1
3.1
16.3
38.4
21.8
3.2
3.2
20.7
42.7
38.5
3.1
3.1
21.5
22.9
32.5
3.3
3.1
16.4
40.4
21.3
3.2
3.1
3.1
3.1
17.1
22.4
31.5
3.5
3.1
3.2
3.1
3.1
3.1
17.8
25.8
33.6
3.4
3.1
3.2
3.1
3.1
3.1
16.7
23.5
31.2
3.5
3.2
3.1
3.8
3.1
4.1
18.6
23.5
32.4
3.3
3.1
3.1
3.3
3.1
3.1
18.1
23.2
32.7
3.2
3.2
3.1
3.2
3.1
3.1
17.1
24.1
33
3.5
3.3
3.3
3.3
3.2
3.2
22.8
24.9
32.9
3.5
3.1
3.1
3.2
3.1
3.1
22.5
26.4
37.7
3.5
3.4
3.2
3.2
3.5
3.1
17.1
25.5
34.4
4
3.2
3.3
3.2
3.3
3.3
25.9
25.5
33.5
3.5
3.7
3.7
3.1
3.7
3.8
20.5
25.2
32.7
3.3
3.4
3.4
3.2
3.3
3.3
20.2
26.5
32.3
3.4
3.2
3.2
3.2
3.2
3.2
24.7
25.9
34.5
4.1
3.4
3.2
3.3
3.4
3.2
29.8
25.9
31.5
3.5
3.3
3.2
3.2
3.2
3.2
18.3
25.4
32
3.6
3.3
3.2
3.2
3.4
3.2
16.3
26.9
32.2
3.6
3.2
4.3
3.2
3.3
3.1
17.1
23.9
33.2
3.4
3.2
3.2
3.2
3.1
3.2
19.3
23.5
35.9
4.4
3.5
3.2
3.2
3.2
3.1
18.6
23.8
31.4
3.3
1181.5
9.6
3.3
3.3
3.2
20
26.8
199.6
3.9
3.3
3.3
3.2
3.2
3.2
18.7
23.8
32.7
3.4
3.2
3.2
3.3
3.2
3.2
17.8
24.2
31.5
3.4
3.4
3.2
3.8
3.3
4.3
19.3
24.3
60.1
4.3
3.3
4.9
3.1
3
3.1
17.8
31.5
35.5
4
3.3
3.2
6.2
3.4
3.2
16.9
25.2
33.5
3.5
3.5
3.3
3.2
3.3
3.3
17.7
26.3
34.4
3.4
3.4
3.2
3.2
3.3
3.3
18.9
24.6
34.1
3.3
3.3
3.3
3.3
3.2
3.2
17.8
625.6
100.9
9.8
4.2
3.4
3.2
3.3
3.5
22.9
26.9
33.7
3.4
3.7
3.8
3.3
3.8
3.9
19.7
24.7
43.5
3.9
3.5
3.5
3.2
3.4
3.3
20.3
25.3
35.7
3.2
3.2
8.8
3.6
3.1
3.1
20.9
38
32
3.8
3.3
3.3
3.4
3.2
3.3
22.3
23.3
31.8
3.1
3.2
3.2
3.1
3.1
3.1
18.1
23.7
30.9
3.3
3
3.1
3.1
3.2
3.1
17.7
23.4
30.6
3.4
3.1
4
3.1
3.1
3.2
17
23.4
36.3
3
3
3
3
3
3
17
22.5
31.6
3.1
3.1
3.1
3.2
6.8
3.2
17.3
24.4
36.7
3.4
3.3
3.3
3.3
3.3
4.3
17.8
23
32.3
3.2
3.2
3.1
3.2
3.1
3.2
17.7
23
31.6
3.2
3.1
3.2
3.1
3.1
3.1
17.4
23.7
30.6
3.4
3.1
3.2
3.8
3.1
4.1
17.1
28.5
30.4
3.2
3.1
3
3
3
3
18.4
23.7
30.5
3.1
3.1
3.1
3.1
3.1
3.1
18.2
23.5
30.3
3.1
3.2
3.1
3
3.1
3.1
15.9
24.9
32.5
3.1
3.1
3
3
3
3
19.8
24.2
37.7
3.3
3.3
3.3
3.3
3.3
3.3
17.7
23.7
31.8
3.2
3.3
3.2
3.2
3.3
3.3
17.7
24.2
33.1
3.2
3.6
3.8
3.2
3.9
3.9
17.9
23.5
36.3
3.1
3.3
3.2
3
3.1
3.1
21.1
32.1
43.2
4.6
4.4
4.5
4.7
4.5
4.4
29.4
32.9
43.9
5
4.5
4.4
4.6
4.5
11
24.9
33.2
42.5
4.6
4.4
4.4
4.4
4.4
4.4
25
32.6
42
4.6
4.4
4.4
4.4
4.4
4.4
33
58.2
43.8
5.1
4.7
6
4.7
4.7
4.7
29.7
35.7
43.7
4.7
4.7
4.7
4.8
4.7
4.8
25
44
44.1
4.7
4.8
4.7
4.7
4.7
4.7
24.4
44.3
44.1
4.8
4.7
4.7
4.7
4.8
4.7
22.7
43.3
44.3
4.8
4.8
4.8
4.8
4.7
4.7
24.8
44.7
44.2
4.8
4.8
4.7
4.9
4.7
4.7
22.9
45.3
43.5
5
4.8
4.8
5.7
4.8
6.1
25.3
50.1
47.2
5.2
5.1
5.1
5.1
5
5.1
26.1
48
46.5
5.1
5.2
5.1
5.2
5.1
5
26.5
46.7
46.2
5.1
5.2
5.1
5.2
5.1
5
32.4
47.3
49.9
5.3
5.1
5.1
5.1
5.1
5.1
26.4
47.7
52.5
5.6
5.1
5.1
5.1
5.1
5.2
30.8
47.2
46.6
5.2
5.2
5.2
5.1
5.3
5.5
26
48.2
50.6
5.2
6
6
5.1
6.1
6.2
26
48
51.1
5.2
5.4
5.4
5.2
5.2
5.2
26
48.9
50.6
5.3
5.1
5.2
5.5
5.2
5.1
26.5
47
46.9
5.7
5.1
5.2
5.2
5.1
5.1
27.9
47.3
48.6
5.2
5.1
5.2
5.1
5.2
5.2
30.1
48.9
48.1
5.1
5
5
5
5
4.9
26
47.7
47.1
5.1
5
6.4
5.1
4.9
5
22.8
48.8
38.6
5.1
5.3
5.4
5
5
5
33.3
46.7
37.9
5.4
5
5
5
4.9
5
27.4
46.8
37.6
5.1
5
5
5
5
5
26.9
46.7
38.4
5.2
5
5.1
5
5
5
28.3
45.3
45.3
5.9
5
5
5.1
5
5
28.6
45
37.1
5.4
5
5.1
6
5
6.3
30.6
45.8
37.7
5.1
5
5
5
5
5.1
27.7
45.9
38.4
5.1
5
5.1
5.1
5
5.2
29.7
50.2
38
4.9
4.9
5
4.8
5
5
22.2
46.5
39.6
5
4.9
4.9
4.9
4.9
4.9
25.8
47.4
38
4.9
4.9
4.9
4.9
4.9
4.9
26
52.7
37.9
5.1
5.1
5
4.9
5.1
5.3
25.9
45.7
39.5
4.9
5.7
5.8
4.9
5.9
6
26.2
45.9
39.6
4.9
5.3
5.3
4.9
5.1
5
27.3
47.2
38.2
5.1
4.9
5
5.3
4.9
5
28.7
47.6
38.4
5.5
5
5
5.1
4.9
4.9
27.3
48.3
37.8
5.3
4.9
5
4.9
5
4.9
29.3
46.3
36.7
5.4
4.9
4.9
5
4.9
4.9
28.9
51.8
39.6
5.2
4.9
5
4.9
5
4.9
32.3
47.7
39.6
5
17.9
5.1
5
4.9
4.9
29.5
44.4
40.2
5
4.9
4.9
5
4.9
5
26.9
47.8
36.3
4.7
4.6
4.6
4.7
4.6
4.7
27.3
42.9
36.8
4.6
4.7
4.7
4.7
4.7
4.6
27.1
238.3
70
7.9
4.8
4.7
4.7
4.7
4.8
31.5
46.7
38
5.2
4.7
5.9
5.5
4.7
4.7
26.7
46.2
37.4
4.9
4.7
4.7
4.8
4.7
4.7
25.7
46.3
37.3
4.8
4.7
4.7
4.8
4.7
4.9
24.9
45.4
34.6
4.9
4.8
4.8
4.7
4.8
4.7
30.2
45.3
28.2
3.8
3.6
3.5
3.5
3.6
3.5
20.1
37.1
28.1
3.7
3.8
3.6
3.6
3.7
3.6
19.7
37
28.1
4.1
3.7
3.7
3.6
3.8
4.9
20.1
37.5
28.2
3.9
4.2
4.5
3.6
4.3
4.3
19.5
36.6
29.1
3.6
3.8
3.9
3.7
3.7
3.8
18.5
38.3
28.3
3.8
3.7
3.6
3.8
3.6
3.7
19.4
37.6
28.5
4
3.6
3.7
3.7
3.6
3.7
17.7
37.4
28.5
4.2
3.9
3.8
3.6
3.6
3.7
19.9
103.9
31.4
4.4
3.7
3.7
3.5
3.6
3.6
23.5
37.3
28
3.6
3.6
3.6
3.7
3.6
3.6
17.7
36.6
38.6
5.2
3.7
3.6
3.6
3.6
3.7
20.4
36.7
28.7
3.7
3.6
3.6
3.6
3.6
3.7
20.1
35.9
29.2
3.7
3.6
3.7
3.6
3.6
3.7
20.1
36.8
28.6
3.6
3.6
3.7
3.6
3.6
3.6
18.5
35.6
29.1
4.1
3.6
3.7
3.7
3.6
3.7
20
36.9
28.4
4.7
3.7
4.7
4.1
3.6
3.6
19.8
38.1
28.5
3.8
3.6
3.7
3.6
3.6
3.7
21.8
38.7
29
3.8
3.7
3.8
3.7
3.6
3.8
20.5
37.2
28.7
4
4.1
3.7
3.6
3.6
3.7
18.9
37.8
43.5
4.2
3.8
3.6
3.7
3.6
3.7
18.7
38
30.1
3.8
3.6
3.7
3.6
3.7
3.7
20.3
37.1
32.2
3.7
3.8
3.8
3.6
5.8
5
23.1
37.1
31.5
3.7
4.3
4.4
3.7
4.5
4.4
19.7
38.1
31.5
3.7
3.9
3.9
3.7
3.7
3.7
29.2
37.9
29.7
3.8
3.6
3.7
3.8
3.7
3.6
20.5
38.7
30.9
4.1
3.6
3.7
3.7
3.6
3.7
19.7
38.2
30.7
3.9
3.7
3.7
3.6
3.6
3.7
23.8
39.6
30
4
3.7
3.8
3.7
3.6
3.7
19.6
38.6
33.5
28.7
4.3
4.2
3.7
3.7
4.3
40.8
36
28.7
37.3
4.4
4
3.7
3.7
3.7
26.1
31.9
38.2
35
6.3
3.7
3.7
3.8
3.7
29
34.1
42
6
3.8
3.7
3.7
3.7
3.9
22.1
34.1
36.5
5.2
3.7
3.7
3.7
3.7
3.8
19.2
33.7
36.6
4.7
3.7
3.8
3.7
3.7
3.9
23.3
33
35.9
4.6
4
4.3
3.7
4.7
3.9
20.4
32.9
37.4
4.1
3.8
3.7
3.7
3.8
3.8
20.3
33.8
36.3
4
3.8
3.8
3.7
3.8
3.7
20.4
34
36.1
3.8
3.8
3.7
3.8
3.8
3.7
23.3
34.6
36.7
3.7
3.8
3.7
3.8
3.8
3.7
27.3
34.4
35.5
3.7
3.7
3.7
3.7
3.8
3.7
26.1
43.7
36.6
4.5
3.9
3.7
3.9
4.1
3.7
25.5
35.2
34.1
4.7
4.7
3.7
4.6
4.5
3.7
28.1
34.2
35.5
4
4
3.8
3.8
3.8
3.8
23.4
38.4
37.2
4.4
4
4
3.8
3.7
4.5
24.5
49.3
36.2
3.8
3.9
3.8
3.8
3.8
3.8
27.3
38.3
36.2
3.7
3.8
3.7
3.8
3.7
3.8
24.5
38.7
35.1
4.1
3.8
3.7
3.7
3.8
3.7
24.6
38.9
39.8
5.4
4.7
3.8
3.8
3.7
3.7
41.9
85
38.5
4.2
3.8
3.8
3.7
3.8
3.8
26.3
42
36.4
4
3.8
3.8
3.8
3.8
3.8
28.7
40.9
38.5
4.1
3.8
3.9
3.8
3.8
3.8
27.8
41
37.7
4.1
4
3.8
3.8
3.9
3.8
30.7
40.8
41.2
6.6
4.5
3.9
3.8
3.8
3.9
29.4
39.9
37.4
3.8
4.6
4.4
3.8
3.8
4
22.9
38.3
37.2
3.9
3.9
3.8
3.8
3.9
3.8
27.5
40.5
37.2
3.8
3.9
3.9
3.8
4
3.8
22.3
40.8
37.2
4
3.9
3.9
3.9
3.9
3.9
25.3
44.3
172.8
32.9
19.9
12.4
12.3
9.6
3.8
33
42.1
36.4
3.9
3.8
3.8
3.9
3.8
3.8
31.1
41.5
39.6
4.2
4
3.8
4
5.2
3.8
19.3
43
38.1
4.6
4.6
3.9
4.6
4.6
3.8
20.1
40.6
41
4.2
4.1
3.8
3.9
3.9
3.9
19.6
45.4
37.8
4
3.9
4.1
3.8
3.9
4.6
19.4
39.7
37.3
3.9
3.9
3.9
3.8
3.8
3.9
16.3
38.8
39.5
3.8
3.9
3.9
3.9
3.9
3.8
18.9
38.3
37.2
3.9
3.9
3.8
3.9
3.9
3.9
19
40.9
40.1
4
4
3.9
3.9
3.9
3.9
19.1
40.9
38.5
3.8
3.9
3.9
3.8
3.9
3.9
19.5
40.1
37.3
3.8
3.9
3.8
3.9
3.9
3.8
19.2
40.9
43.9
4.2
4
3.8
4
3.9
3.8
18.3
41.1
39.1
3.9
4
3.9
3.9
3.9
3.9
19.3
40.8
37.9
3.9
3.9
4
3.9
3.9
4.1
19.3
40.9
39.5
4.1
6.5
4.4
3.8
3.9
4
21.5
36.8
39.9
4.2
4
3.9
3.9
3.8
3.9
20.3
34.1
43.5
3.9
3.9
3.9
3.7
3.8
3.7
21.3
34.3
44
4.4
4
3.9
4
3.9
22.2
103.2
131.2
39
4.1
3.9
3.9
3.9
4
3.9
92.8
37.3
38
4
3.9
3.9
3.9
4
3.9
29.6
33.6
39.4
4.3
4.1
4
4.2
5.1
3.9
26.8
34.9
39.2
4.9
4.7
3.9
4.7
4.6
3.9
28.3
55.5
144.7
8.3
5.5
3.9
4
4
3.9
37
35
39.4
4
4.1
4.2
4
3.9
4.7
29.6
33.1
39.7
4.1
4
3.9
4
3.9
4
33.7
34.5
38.3
4
4.1
4
4
3.9
4
33.2
34.4
37.5
3.9
4.2
3.9
3.9
4
3.9
26.8
34.6
38.9
4
4
4
3.9
3.9
3.9
25.5
37
37.7
3.9
3.9
4
3.9
3.9
4.1
20.2
33.9
38.2
4.2
4
3.9
3.9
3.9
4
19
34.4
39.9
4.3
3.9
4
4.9
3.8
3.8
20.5
33.4
37.1
4
3.9
3.8
3.7
3.7
3.8
21
34.1
37.9
3.9
3.8
3.8
3.9
5.6
4.2
21.4
34.1
40.5
4
4.9
4.4
4
3.9
4.1
20.7
36.9
39.1
4
3.9
4
4
4
4
20.4
34.1
41.1
4.1
4
4
4.1
4.1
4
22.2
41.3
39.9
4.2
4
4
4
4
3.9
22.2
165.5
40.5
4.1
4.2
3.9
3.9
3.9
3.9
20.7
34.6
40.1
4.2
4
4
3.9
4
3.9
21.5
35.7
40
4.4
4.7
4
4.2
5.4
4
23.3
37.8
39.9
4.8
4.8
4
4.9
4.6
4
20.3
37.2
39.2
4.6
4.3
4
4.1
4
4.1
21.9
37.3
43.4
4.2
4.1
4.3
4.1
4
4.8
20.9
35.6
40.2
4.2
4.1
4
4
3.9
4
20.2
35.5
40
4.1
4.1
4
4
4
4.1
21.9
34.7
39.6
4.2
4
4
4
4.1
4
22.8
38.1
39.6
4
4.1
4
4
4
4.1
20.8
37.8
39.6
4.1
4
4
4
4
4
20.2
36.4
39.6
4.3
4.5
4
4
4.1
4.1
24.4
37.5
40.2
4.2
4.1
4
4
4
4.1
23.7
37
40.6
4.3
4.2
4.1
4
4
4.1
22
40.8
41.2
4
4.1
4
4
4
4.3
22.3
37.2
40.6
4.2
17.2
11.1
4.2
4
4.2
22.7
39.3
42.2
4.4
4.2
4.1
4.1
4.1
4
26.2
35.7
40.3
4.2
4
4.2
4.2
4.2
4
21.9
35.4
39.3
4.2
4.1
4.1
4.1
4.1
4
21.4
34.9
39.6
4.2
4.1
4.1
4.1
4.1
4
25.2
35.2
42.3
4.1
4.2
4
4.2
4.1
4.1
24.2
36.1
39.7
4.4
4.3
4
4.4
5.3
4.1
21.8
36.7
39.6
5
5.2
4.1
4.8
4.8
4.1
22.8
35.6
41.1
4.5
4.6
4.1
4.2
4.1
4.1
22.5
35.7
39.2
4.3
4.2
4.3
4.2
4.2
4.7
22.5
35.9
91.5
4.1
4.1
4.2
4.1
4.1
4.1
25.8
36.1
42
4.3
4.4
4.1
4.1
4.1
4.2
23.4
35
39.1
4.2
4.1
4.1
4.1
4.1
4.1
23.5
36.2
40
4.3
4.3
4.1
4.1
4.1
4.1
25.1
36.9
39.9
4.2
4.1
4.1
4.1
4.1
4.1
22.7
35.9
41.1
4.3
4.4
4.1
4.1
4.1
4.1
22.7
37.4
40.8
4.2
4.2
5.2
3.9
3.9
3.9
3.9
4
4
3.9
4
3.9
3.9
4
23.7
42.8
47.7
5.1
4.5
4.1
4.2
4.1
4.1
4.3
4.1
4.1
5
4.1
5.1
4.7
4.1
27.2
43.3
35.2
4.4
4.2
4.2
4.1
4.1
4.1
4.1
4.1
4.1
4.1
4.1
4.1
4.1
4.2
21.4
82.3
58
7.8
6
5.8
5.8
5.9
5.8
5.8
5.8
5.7
5.8
5.8
5.8
5.8
5.8
30.6
50.7
45.5
6.6
6
6
5.9
5.9
6
5.8
5.9
6
5.8
5.9
6.1
5.9
5.9
30.3
57.5
44.9
9.6
5.9
7.8
7.1
5.4
6.9
7.2
5.5
6.4
5.9
5.5
5.8
5.8
5.4
31.6
45.9
50.8
5.9
5.6
5.6
5.5
5.6
5.7
5.7
5.6
5.9
5.6
5.5
6.3
5.5
5.8
30.3
47.3
44.2
6.2
5.7
5.5
5.5
5.6
5.5
5.5
5.5
5.5
5.5
5.5
5.6
5.7
5.5
30.2
57.1
44.3
6.9
5.6
5.5
5.5
5.6
5.6
7.2
5.5
5.5
5.6
5.5
5.5
5.6
5.5
33.6
47.7
62.6
9.2
6.9
7.1
6.9
5.5
5.4
5.3
5.3
5.4
5.3
5.4
5.4
5.5
5.4
29.5
44.8
46.9
6.1
5.5
6.2
5.4
5.4
5.4
5.5
5.3
5.4
5.4
5.4
5.4
5.5
5.5
27.8
54.6
41.7
7.1
5.7
6
4.1
4.1
4
4
4.3
4
4
4.8
4.1
5
4.4
21.7
37.7
41.8
5.1
4.2
4.3
4.2
4.2
4.2
4.2
4.3
4.2
4.2
4.2
4.3
4.2
4.2
24
47.3
42.4
5.2
5.3
5.3
5.2
5.2
5.2
5.1
5.2
5.2
5.2
5.1
5.2
5.1
5.1
25.7
51.8
41.4
6.3
5.1
5.1
5.1
5.1
5.1
5.1
5.2
5.1
5.2
5.2
5.3
5.3
5.1
26.8
44.9
49.6
5.8
6.8
5.1
6
6
5.2
6.1
6.3
5.1
6
5.7
5.1
5.4
5.4
30.3
43.9
42.3
5.5
5.1
5.2
5.2
5.1
5.1
5.2
5
5
5.9
5.1
5.1
5.8
5.1
29.4
54.5
43.7
5.8
5
4.9
4.9
4.9
4.9
5
4.9
5
4.9
4.9
4.9
4.9
5
23.1
41.5
50.5
5.8
5
4.9
4.9
5
4.9
4.9
6
4.9
4.8
4.9
4.9
4.9
4.9
28.1
42.3
41
5.2
4.9
4.9
5
4.9
4.9
5
4.9
4.9
4.9
4.9
5
51.5
32.4
79.5
51.2
47.2
4.6
4.4
4.3
4.2
4.3
4.3
4.3
4.3
4.3
4.2
5.3
4
4.1
4.2
20.8
36.4
41.4
4.4
4.1
4.1
4.1
4.1
4.2
4.1
4.1
4.4
4.1
4
4.9
4
4.9
22
36.2
34.8
4.8
4.1
4.1
4.1
4.1
4.2
4.1
4
4.1
4.1
4.1
4
4.1
4.1
30.4
43.6
34.1
5.4
4.1
4.2
4.2
4.1
4.1
4.1
4.1
4.1
4.1
4.1
4.1
4.1
4.2
20.4
36.6
46.3
4.4
4.3
5.4
4.1
4.1
4.2
4.2
4.1
4.2
4.2
4.1
4.1
4.2
4.3
24.4
37.7
35.3
4.8
4.8
8.7
4.1
4.7
4.8
4.1
4.9
5
4.1
4.9
4.4
4.1
4.4
25.1
43.9
37
4.8
4.1
4.2
4.2
4.2
4.2
4.2
4.4
4.2
4.2
4.9
4.1
4.1
4.7
27.7
30.3
41
5.2
4.3
4.2
4.2
4.2
4.1
4.2
4.1
4.1
4.1
4.1
4.1
4.1
4.1
24
36.2
29.3
4.7
4.2
4.2
4.2
4.2
4.2
4.2
4.1
5.1
4.2
4.1
4.1
4.1
4.2
30.3
43.5
35.7
4.6
4.2
4.4
4.3
4.3
4.3
8
4.5
4.3
4.1
4.2
4.1
4.2
4.2
23
32.2
42.3
4.8
4.2
4.2
4.1
4.2
4.2
4.2
4.2
4.2
4.1
4.2
4.2
4.1
4.2
24.6
36.8
29.5
4.7
4.2
4.2
4.3
4.2
4.1
4.2
4.2
4.1
4.4
4.2
4.2
5
4.2
21.5
44.7
35.9
5.8
4.2
4.1
4.2
4.2
4.2
4.1
4.1
4.2
4.2
4.2
4.2
4.2
4.2
23.5
32.1
42.7
5
4.3
4.2
4.3
4.2
4.2
4.3
4.2
4.2
4.2
4.2
4.2
4.1
4.1
25.9
37.2
29.3
4.4
4.1
4.2
4.2
4.2
4.2
4.2
4.2
4.2
4.2
4.2
4.2
4.2
4.2
20.7
45.3
36.5
5.5
4.8
4.5
5.6
4.2
4.7
4.8
4.2
5
5.1
4.2
4.7
4.5
4.2
26.3
37.2
44.3
6.1
4.5
4.4
4.4
4.4
4.5
4.5
4.5
4.7
4.4
4.4
5.5
4.4
4.4
26.5
34.6
37.6
4.5
4.4
4.5
4.4
4.4
5.5
4.2
4.3
4.3
4.2
4.2
4.2
4.2
4.2
22
48.6
31.3
4.4
4.1
4.2
4.2
4.3
4.3
4.3
4.2
4.2
5.2
4.2
4.2
4.3
4.2
19.7
38.3
43.1
6.5
4.6
4.2
4.2
4.2
4.3
4.2
4.3
4.2
4.2
4.2
4.2
4.2
4.3
24.7
33.4
43.9
5.3
4.5
4.2
4.3
4.2
4.2
4.2
4.2
4.2
4.2
4.3
5.3
4.1
4.1
22.8
44.2
29
4.6
4.1
4.1
4.1
4.1
4
4.1
4.2
4
4.1
4.4
4.1
4
5
22.3
39
43
6.4
4.8
4.3
4.3
4.3
4.3
4.2
4.3
4.3
4.3
4.3
4.4
4.3
4.3
27.8
35.8
36.9
5.2
4.4
4.3
4.3
4.3
4.4
4.3
4.2
4.3
4.2
4.2
4.3
4.2
4.3
22
50
32.1
5.1
4.1
4
4.1
4.1
4.1
4.1
4
4.1
4.1
4.1
4.1
4.1
4.1
21.5
42.2
42.9
4.9
4.6
4.3
4.6
5.7
4.3
4.9
5.1
4.2
5.1
5.1
4.3
4.8
4.5
24.8
33.6
38.2
4.4
4.4
4.3
4.3
4.3
4.3
4.3
4.3
4.3
4.6
4.3
4.3
5.3
4.3
23.7
50.1
30.4
4.9
4.2
4.1
4.1
4.1
4.2
4.1
4.1
4.1
4.1
4.1
4.2
4.2
4.2
21.3
38.3
46.7
5.7
4.4
4.3
4.4
4.3
4.4
4.3
5.2
4.3
4.3
4.3
4.3
4.3
4.3
23.1
35.1
38.6
4.7
4.4
4.3
4.3
4.2
4.3
4.4
4.3
4.3
4.3
4.3
4.3
4.3
4.3
25.8
46.3
31.6
10
4.2
4.1
4.2
4.1
4.1
4.2
4.1
4.2
4.2
4.2
4.1
4.1
4.1
20.4
39.7
42.1
4.9
4.2
4.2
4.1
4.1
4.2
4.4
4.3
4.5
4.3
4.3
4.8
4.3
5.3
25.8
34.6
42
6.5
5.4
4.3
4.4
4.4
4.3
4.3
4.3
4.4
4.4
4.3
4.3
4.4
4.3
23.7
45.9
31.9
5.2
4.3
4.5
4.5
4.4
4.4
4.4
4.4
4.4
4.4
5.3
4.1
4.2
4.2
21.4
38.7
42.8
4.4
4.3
4.2
4.2
4.2
4.1
4.1
4.3
4.1
4.2
4.3
4.2
4.1
4.4
22.3
46.1
39.8
6.4
4.7
5.6
4.4
4.8
4.9
4.3
5
5.1
4.3
5.3
5.2
4.4
4.7
27
48.4
33.2
5.6
4.4
4.5
4.5
4.4
4.4
4.5
4.4
4.3
4.5
4.7
4.4
4.4
5.2
25.6
49.3
57.8
5.1
4.6
4.6
4.6
4.6
4.6
4.6
4.6
4.5
4.5
4.6
4.5
4.6
4.6
28.8
35.2
50
4.9
4.6
4.6
4.5
4.6
4.6
4.6
4.6
5.5
4.6
4.5
4.6
4.6
4.6
26
48.4
38
7.1
13.9
4.6
4.6
4.6
4.6
4.5
4.6
4.6
4.6
4.6
4.6
4.6
4.6
25.8
41.5
45.2
4.8
4.5
4.4
4.4
4.5
4.4
4.4
4.4
4.4
4.4
4.4
4.4
4.4
4.4
22.8
34.7
40.2
5.3
5
4.4
4.4
4.4
4.5
4.5
4.4
4.7
4.8
4.6
4.6
5.5
4.6
31.8
53.2
35
5.2
4.7
4.4
4.4
4.5
4.4
4.4
4.4
4.4
4.4
4.4
4.4
4.5
4.4
21.4
40.8
45.4
6.2
4.6
4.5
4.6
4.4
4.4
4.5
9
4.9
4.5
4.5
4.4
4.4
4.4
26.6
39.1
38.9
5.1
4.7
4.5
4.5
4.4
4.4
4.4
4.4
4.4
4.4
4.6
4.4
4.4
4.4
25.4
106.4
46
6.5
4.6
4.9
5.9
4.7
5.2
5.2
4.6
5.5
5.5
4.7
5.7
5.5
4.7
26.6
69
56.7
7.2
5.8
5.5
5.5
5.5
5.6
5.5
5.5
5.5
5.5
5.5
5.7
5.5
5.5
31.9
44
48.8
7.9
5.6
5.5
5.5
5.5
5.5
5.5
5.4
5.5
5.5
5.5
5.5
5.5
5.4
33.5
58
42.3
7.1
5.7
5.6
5.4
5.5
5.5
5.5
5.5
5.5
6.7
5.6
5.6
5.5
5.6
27.1
45
48.7
5.4
4.6
4.7
4.7
4.7
4.7
4.7
4.7
4.7
4.7
4.7
4.7
4.6
4.7
28.9
49.7
42.4
5.1
4.9
4.7
4.7
4.7
4.7
4.6
4.7
4.6
4.7
4.7
4.7
4.7
4.7
24.5
46.8
44.5
6
4.8
4.6
4.7
4.7
4.7
4.7
4.7
4.6
4.7
4.9
4.7
4.6
5.5
29.4
45.6
42.9
5.6
4.7
4.7
4.7
4.7
4.7
4.6
4.7
4.7
4.6
4.8
4.7
4.6
4.7
25.6
45.9
43
5.9
4.9
4.8
4.7
4.8
4.8
4.7
4.7
4.7
4.7
4.7
4.7
4.7
4.7
23.4
44.3
43.3
5.3
4.7
4.6
4.7
4.7
4.7
4.7
4.7
4.7
4.7
4.7
4.7
4.8
4.7
39.2
47.8
43.4
4.7
4.7
4.5
4.8
5.9
4.6
5
5.1
4.5
5.3
5.4
4.6
5.5
5.3
27.4
46.1
40.7
5.2
4.8
4.7
4.5
4.6
4.6
4.5
4.6
4.6
4.6
4.6
4.6
4.8
4.6
27.5
40.9
42.5
5.8
4.9
4.5
4.6
4.6
4.6
4.6
4.5
4.5
4.5
4.6
4.6
4.5
4.6
30.7
40.6
39.4
5.4
4.5
4.7
4.5
4.6
4.5
4.5
4.5
4.6
4.5
5.7
4.7
4.5
4.6
34.8
47.2
35
4.8
4.6
4.6
4.5
4.5
4.6
4.5
4.7
4.7
4.8
4.7
4.8
4.7
4.7
26
47.1
41.5
4.9
4.6
4.6
4.7
4.6
4.5
4.6
4.6
4.5
4.6
4.5
4.6
4.5
4.6
25.7
36.8
39.4
5
4.8
4.6
4.6
4.6
4.6
4.5
4.6
4.6
4.6
4.6
4.9
4.5
4.7
25.7
54.7
36.3
5.5
4.6
8.6
4.9
4.7
4.8
4.8
5.8
4.5
4.7
4.8
4.8
4.8
7.8
29.8
42.7
42.7
5.5
7
4.9
4.7
4.6
4.7
4.8
4.6
4.7
4.8
4.7
4.8
4.7
4.8
27.9
40.9
41.8
5.4
5
4.8
4.8
4.9
4.8
4.7
4.8
4.8
4.9
4.8
4.7
4.7
4.9
26.7
43.4
38.5
5
5.2
5
13.5
5.4
6.4
4.8
5.5
5.4
4.9
8.4
5.9
4.9
5.7
26.6
43.5
43.1
6.6
5.1
5.1
5.1
4.9
4.8
5
4.9
4.9
5
4.9
4.9
4.9
5.2
29.8
43.1
40.1
4.7
4.6
4.9
4.7
4.7
4.7
4.6
4.6
4.6
4.6
4.6
4.8
4.8
4.8
28.3
46.6
45.8
8.3
5
4.8
4.8
4.8
4.9
4.8
4.8
7.9
4.8
4.8
4.9
4.8
4.8
23.7
44.4
48.9
5.1
4.6
4.6
4.9
4.9
4.8
4.8
4.8
4.8
4.9
4.9
4.8
4.8
4.9
28.2
40.2
41.6
6
5.1
4.9
4.8
4.9
4.8
4.8
4.8
4.8
4.8
4.8
4.8
4.8
4.8
27.4
46.6
47.5
6
5
4.9
7.8
5
4.9
4.9
4.9
4.9
5
4.9
4.8
5.2
4.8
27.5
47.9
56
52.6
9.4
4.9
5
4.9
4.9
4.9
5
4.8
4.9
4.8
4.9
4.9
4.9
41.4
44.5
5
5
4.9
4.9
4.9
4.9
4.9
4.9
4.9
4.9
4.8
5
4.8
5
4.9
17.5
57.5
5.8
4.6
4.7
4.8
5
4.9
5
4.9
4.9
4.9
5
4.9
4.9
4.9
5
17.3
43.6
5.3
4.9
4.9
5
4.8
5
4.9
4.9
4.8
5
4.9
4.9
4.8
6.1
4.7
25.6
43.1
5.2
4.9
4.9
4.9
5
4.9
5
4.8
5
4.9
5
4.9
4.9
4.9
5
17.1
46.8
4.8
4.8
4.9
5
4.9
5
4.9
15.9
5.6
7.5
4.9
5
4.9
5
4.9
17.2
44.4
5.5
5
5
4.9
5
4.9
5
4.9
5
4.9
5
4.9
5
4.9
5
17.2
45.5
5.1
5
4.9
5
4.9
5
4.9
5
4.9
5
4.9
6
4.9
5
5
15.5
44.8
6.6
4.9
6
4.7
4.8
4.7
5
4.9
5.1
4.9
5
5
5
5
5.1
19.1
55.5
6.6
5
4.9
8.1
5.1
5
4.9
5
4.9
5
5
5.1
4.9
5
4.9
17.5
46.1
5.4
5
5
4.9
5
4.9
5.1
5
5.1
5
5.1
4.9
5
46.9
9.5
71.4
49.1
55.5
49.3
5.7
5
5
5.2
14.4
5.3
5.1
5
5
5.1
5
4.9
5
43.4
49
60.1
6
5
5
5
5
5.1
4.9
5
5.1
4.9
4.9
5.1
5.9
4.7
37
56
78.1
5.6
5.1
5
5
5.2
5
5
5.4
5
5.1
5.6
5
5
6
43.7
57.5
46.4
5.9
5.1
5.3
5
5.1
5.1
5
5.1
6.1
5.2
5.1
5
5
5.1
27.4
49.5
44.3
6.1
5.9
5.1
5
5.9
5.2
5
5.9
5.1
5
5.7
5.1
5
5.4
27.8
50.6
46.5
14.5
5.5
5.2
11
5
5
5.1
5
5
5.1
5
5
5.1
5.1
27.4
46.7
47.1
6.3
5.1
5
5
18.8
15.7
5.7
5.1
5
5.1
5.1
5
5.1
5.1
36.9
53.4
61.3
5.7
5.1
5.1
5
5
5.1
5
5
5.1
5
5.1
5.1
5
5
25.8
48.4
45.7
5.9
5
5
5.1
5.1
5
5.1
6.3
5
5.1
5
5
5.1
5.1
28.2
47
49.1
6.9
5.2
5.1
5
5.1
5
5
5.1
5.1
5.1
5.1
5
5
5.1
28.9
48.8
45.7
6.4
5.2
5.2
5.1
5
5.1
5.2
5.1
5.2
5.2
5.1
5.1
5.1
5
30.9
47.6
47.3
6.4
5.1
5.1
5.2
5
5
5.1
5.1
5
5.1
5
5
5.1
5
27.4
48.7
46.1
5.8
5.2
5.2
5
5.1
5.3
5.1
5.2
5.6
5.1
5.1
5.7
5.1
5.2
32.8
48.7
44.4
6
5.1
5.1
5.4
5.2
5.2
5.2
5.2
5.1
8
5.1
5.1
5.1
5.2
29.4
41
47.2
5.7
5.3
5.3
5.2
5.1
5.9
5.2
5.1
6.1
5.1
5.1
5.7
6.2
4.9
34.1
54.6
41.5
6
5.2
5
5.2
5.2
5.1
5.1
5.2
5.1
5.1
5.1
5
5
5.2
27.5
52.5
44.3
6.9
5.1
5
4.9
4.9
4.9
4.8
4.9
4.9
4.8
4.9
5
4.9
5
28.6
40.9
44.3
5.4
4.9
4.9
5
4.9
4.9
5
4.8
4.8
5
4.9
4.8
5
4.9
4.9
4.9
4.9
4.8
5
4.9
4.9
5
34.7
81.1
48.3
6.4
5.2
5.3
5.1
5.1
5.2
5.1
5.1
5.2
5.1
5.1
5.2
5.2
5.1
5.2
5.1
5.1
5.3
5.2
5.1
5.2
5.1
5.1
5.2
5.1
6.2
5.2
5.1
5.1
5.3
38.4
50.7
46.9
5.7
5.1
5.2
5.4
5.1
5.2
5.2
5.2
5.2
5.1
5.2
5.3
5.1
5.1
5.2
5
5.1
5.2
5.1
5.1
6.3
5.2
5.1
6.2
5.2
5.1
6.4
5.2
5.4
6.3
29.1
50.4
46.3
7.8
5.2
5.2
5.7
5.2
5.3
6.1
5.2
5.2
6.3
5.2
5.2
5.5
5.3
5.3
5.5
5.3
5.2
5.3
5.2
5.3
6.3
5.3
5.2
5.2
5.5
5.2
5.2
5.7
5.4
26.9
51.2
46.9
7.5
6.3
5.3
5.2
6.3
5.2
5.3
5.8
5.3
5.2
5.6
5.3
5.2
5.3
5.3
5.2
5.3
5.2
5.2
5.2
5.2
5.2
5.2
5.3
5.2
5.4
6.3
5.2
5.3
6.4
28.8
49.6
48
8.2
5.9
5.3
5.2
5.2
5.3
5.1
5.2
5.3
5.2
5.4
5.3
5.2
5.6
10.9
5.8
5.4
5.3
5.1
5.2
5.3
5.2
5.3
5.4
5.2
5.2
5.3
5.3
5.4
5.3
30.5
51.6
48.4
7
5.3
5.3
5.2
5.2
5.3
6.4
5.3
5.3
5.2
5.3
5.2
5.2
5.3
5.3
5.2
5.3
5.3
5.2
5.3
5.3
5.2
5.3
5.3
5.3
5.2
5.4
5.1
5.2
6.4
29.1
51.9
47.7
7.8
6
5.4
5.5
5.3
5.4
5.4
5.3
5.3
5.6
5.4
5.4
5.3
5.3
5.3
5.2
5.4
5.4
5.2
5.3
5.4
5.3
5.3
5.4
5.2
5.2
5.3
5.3
5.3
5.4
28.9
50.9
47.7
5.8
5.4
5.3
5.3
5.2
5.3
5.5
5.2
5.4
5.7
5.2
5.2
7.1
5
5
6.1
5
5.2
5.8
5.6
6.5
6
5.7
6.2
6.6
5.3
5.3
5.3
5.3
5.3
26.5
51.2
47.9
5.5
5.9
5.4
5.2
5.5
5.4
5.3
6.4
5.4
5.3
6.3
5.3
5.3
105.1
17.7
8.2
5.4
5.2
5.2
5.3
5.2
5.2
5.4
28
5.8
5.5
5.5
5.5
5.5
5.5
33.6
58.7
50.9
5.7
5.5
5.6
5.5
5.5
5.5
5.7
5.5
5.5
5.5
5.5
5.5
5.4
5.6
5.5
5.5
5.5
5.5
5.5
5.6
5.5
5.4
5.5
5.5
5.4
5.6
5.5
5.5
5.5
5.6
41.2
53.1
50.2
6.3
6
5.6
5.5
5.5
5.5
5.5
5.5
5.6
5.5
5.5
5.5
6.6
5.5
5.6
5.5
5.5
5.5
5.5
5.5
5.5
5.5
5.4
5.5
5.5
5.5
5.5
5.5
5.5
5.6
39.2
60.1
50.2
5.9
5.6
5.5
5.5
6.6
5.5
5.5
5.5
5.5
5.7
5.5
5.5
5.7
5.6
5.5
5.6
5.5
5.5
5.5
5.5
5.5
5.5
5.6
5.6
5.5
5.5
5.5
5.5
5.5
5.6
35.6
57.6
54.1
5.7
5.5
5.5
5.5
5.5
5.6
5.6
5.5
5.5
5.6
5.5
5.7
5.8
5.6
5.5
5.8
5.5
5.6
6.2
5.6
5.6
6.6
5.5
5.6
5.8
5.5
5.6
5.8
5.5
5.6
33.9
60.2
52
6
5.6
5.6
5.5
5.5
5.6
5.6
5.8
5.5
5.5
44.1
31.2
20.7
13.8
5.4
5.4
6.4
5.4
5.3
5.9
5.4
5.4
5.7
5.4
5.3
5.5
5.4
5.3
5.4
5.4
35
55.9
48
5.8
5.6
5.4
5.3
5.4
5.5
5.4
5.4
5.4
5.3
5.3
5.5
5.3
5.4
5.4
5.4
5.4
5.4
5.3
5.4
5.4
5.3
5.5
6.5
5.3
5.6
6.6
5.3
5.3
6.7
28
51.3
49.5
5.6
5.4
5.4
5.4
5.4
5.4
11.7
5.7
5.5
5.4
5.4
5.4
5.4
5.4
5.5
5.3
5.4
5.5
6.6
5.4
5.4
5.3
5.3
5.5
5.4
5.3
5.4
5.3
5.3
5.4
29.2
51.4
49.9
6.3
6.2
5.7
5.5
5.6
5.6
5.5
5.6
5.6
5.5
7.1
5.7
5.5
5.5
5.5
5.7
5.5
5.5
5.6
5.5
5.5
5.5
5.5
5.6
5.5
5.5
5.6
5.5
5.6
5.7
31.3
52.9
49.2
5.6
5.4
5.5
5.4
5.4
5.5
5.4
5.4
5.4
5.5
5.4
5.5
5.4
5.4
5.4
5.6
5.4
5.4
5.7
5.4
5.4
5.9
5.8
6.8
5.9
6
6.8
5.9
5.8
6.6
29.5
53
48.5
5.9
5.7
5.5
6.6
5.5
5.4
5.5
5.5
5.5
5.4
5.5
5.5
5.4
5.8
5.5
5.4
5.7
5.5
5.4
6.5
9.2
5.6
6.4
5.5
5.4
5.9
5.6
7.1
6.6
7.2
34.3
59
50
5.6
5.5
5.7
5.4
5.5
5.6
5.5
5.4
5.6
5.4
5.4
5.5
5.4
5.3
5.5
5.4
5.5
5.6
5.4
5.5
5.5
5.4
5.5
5.4
5.4
5.5
5.5
5.5
5.8
5.5
28.6
53
51.8
7
6.2
5.6
5.6
5.5
5.6
5.6
5.5
5.6
5.5
5.6
5.6
5.5
5.5
5.7
5.7
5.7
6.9
5.6
5.5
6.7
5.6
5.6
6.8
7.2
5.6
5.6
5.6
5.6
5.6
34.1
54.4
51.3
6.3
5.5
5.6
5.4
5.5
5.5
5.4
5.4
5.6
5.4
5.4
5.6
5.5
7.9
5.6
5.4
5.5
5.6
5.4
5.4
5.5
5.7
5.5
5.6
5.5
5.4
5.6
5.5
5.5
5.6
42.3
45.5
49.6
5.5
5.7
5.6
5.5
5.4
5.5
5.5
5.5
5.5
5.4
5.5
5.6
5.5
5.5
5.5
5.5
5.4
5.6
5.6
5.4
5.5
5.6
5.5
5.7
5.9
5.4
5.6
6.1
5.5
5.6
33.2
45.6
50.6
6.4
5.6
5.7
5.8
5.5
5.6
5.7
5.5
5.5
6.9
5.6
10.4
5.7
5.6
5.6
5.6
5.6
5.6
5.5
5.8
5.6
5.5
5.8
5.6
5.5
6.7
5.5
5.6
6.5
5.7
31.2
45.1
50.6
5.7
5.9
5.6
5.5
5.6
5.6
5.5
5.6
5.6
5.4
5.5
5.5
5.5
5.5
5.6
5.5
5.5
5.6
5.5
5.5
5.6
5.5
5.4
6.8
5.5
5.5
6.8
5.5
5.5
6.8
34.5
46.4
51.6
5.7
5.7
5.6
5.4
5.5
5.6
5.5
5.5
5.7
5.5
5.5
5.6
5.5
5.5
5.7
5.5
5.5
5.6
5.5
5.5
6.9
5.5
5.5
7.1
5.5
5.5
6.8
5.5
5.5
6.8
32.5
45.4
52.3
6
5.7
5.8
5.6
5.6
5.6
5.5
5.5
5.6
5.5
5.5
5.7
5.5
5.5
5.7
5.6
5.5
5.7
5.5
11
6
5.6
5.6
5.6
5.5
5.6
5.7
5.6
5.5
5.6
33.6
46.1
49.6
5.8
5.7
5.6
6.6
5.4
5.5
5.4
5.4
5.5
5.4
5.4
5.5
5.4
5.5
5.6
5.4
5.4
5.7
5.4
5.4
5.5
5.4
5.5
5.5
5.5
5.4
5.6
5.6
5.4
5.5
30.4
44.4
50.2
6.7
16
6.4
6.6
5.4
5.6
6.2
5.4
5.6
5.8
5.5
5.5
5.7
5.5
5.5
6.9
5.6
5.6
5.6
8.8
5.8
5.7
5.6
5.5
5.5
5.8
5.6
5.5
6.2
5.5
29.2
45.7
48.3
6.1
6.3
5.5
5.5
6
5.5
5.4
5.8
5.6
5.4
5.5
5.5
5.4
5.5
5.5
5.4
5.5
6.7
5.5
5.5
6.7
5.4
5.4
6.6
5.4
5.5
6.8
5.5
5.5
6.9
30.9
45.4
49.6
6.4
15.1
7.2
6.3
6.1
5.9
5.8
5.9
5.8
5.8
5.7
5.7
5.7
5.7
5.8
5.8
5.7
5.7
9.5
6.7
5.9
5.8
5.8
5.8
5.8
5.7
5.8
5.8
5.6
5.7
31.4
45.6
49.7
6.6
5.5
5.6
5.5
5.4
5.6
5.5
5.5
5.5
5.5
5.5
5.5
5.5
5.5
5.7
5.5
5.5
5.7
6.8
5.6
6.9
5.5
5.6
6.9
5.6
6.7
5.7
5.6
5.6
5.7
33
46.4
62.9
7.6
6.1
5.7
5.7
5.7
5.7
5.7
5.7
5.7
5.6
5.6
5.7
5.6
5.6
8.4
5.6
5.6
5.8
6.8
5.5
5.6
5.5
5.5
5.6
5.5
5.4
5.6
5.5
5.5
5.6
31.6
48.1
63.9
6.2
5.7
5.8
6.1
5.6
5.7
6.3
5.6
5.7
6.7
5.6
5.7
6.1
5.6
5.7
6
5.7
5.7
5.8
5.7
5.8
6.8
5.7
5.7
5.7
5.7
5.8
5.7
5.8
5.8
30.9
48.1
64.2
7.9
7.9
6.7
10.1
7.6
8.8
6.8
7.4
6.3
6.7
7.2
6.4
6.6
6.8
6.3
6.6
6.7
9.3
6.5
6.6
6.1
6.5
6.4
6.1
6.3
6.4
6.1
6.3
6.5
7.1
33.3
47.7
51.1
5.6
6.3
5.6
5.5
5.6
5.6
5.5
5.6
5.6
5.5
5.6
5.6
5.5
5.7
5.6
5.5
5.6
5.7
5.5
5.5
6.8
5.5
13.7
6
5.5
5.6
5.8
5.5
5.5
5.6
32.2
46.7
57
5.7
5.5
5.7
5.6
5.6
5.6
6.5
5.5
5.6
5.6
5.6
5.6
5.5
5.5
5.7
5.6
5.5
5.7
5.5
5.5
5.6
5.5
5.5
5.6
5.6
5.6
5.6
5.6
5.6
5.6
31.4
47.7
52.2
7
6.3
5.8
5.7
5.8
14.4
9.7
6.7
5.8
5.8
5.8
5.8
5.9
5.8
5.8
5.7
5.7
7.7
5.9
5.8
5.9
5.8
5.9
5.8
5.8
5.9
5.9
5.7
9.1
6.9
33.4
50.1
69.5
6.4
6
5.9
5.9
5.7
5.8
6.2
5.8
5.9
6.4
5.7
5.8
6.6
6.1
7.2
6.5
6.3
7
6.5
6.2
7
6.7
6.2
7.2
7
6.2
7
8.6
6
5.9
46.6
50.8
53.1
6.1
6
5.8
5.8
6.1
5.9
5.8
6.7
5.9
5.7
6.9
5.9
5.7
6.5
5.8
5.7
6.2
5.9
5.8
6
5.8
5.7
5.8
5.9
5.7
5.7
5.8
5.7
5.7
5.8
36.2
47.8
52
7
6.1
5.8
5.8
5.8
5.8
5.8
5.8
5.7
5.8
5.7
13.8
6.9
9.4
6.2
6.2
6
5.8
5.8
6.2
5.9
5.7
5.8
8.1
5.9
5.9
6
5.8
5.8
5.9
31.8
51.1
52.4
6.1
5.6
5.8
5.6
5.6
5.7
5.6
5.6
5.7
5.6
5.7
5.7
6.6
5.6
5.7
5.6
5.6
5.8
5.6
5.6
5.8
5.6
5.6
5.7
5.7
5.7
5.7
5.6
5.7
5.8
31.2
46.8
64.3
6
5.7
5.8
5.7
6.8
5.8
5.8
5.8
5.8
5.8
5.8
5.9
6
5.8
5.8
5.8
6.9
5.7
5.7
5.7
5.7
5.7
5.7
5.8
5.7
5.7
8.8
9.7
6.2
5.9
63.4
51.3
56.3
6.7
6.6
6.2
6.1
6.1
6.1
6.1
6
6
6.1
6.1
6.1
6.6
6.2
6
8.3
10.2
6.6
7.4
6.3
6.2
7.3
6.1
6.1
6.4
6.1
6.1
6.3
6.1
6.1
36.8
50.8
53.8
7.8
6.5
6
6.2
6.2
6
6.1
6.2
6
6.1
6.3
6
6
7
6
6
7
9.2
5.8
6.6
5.8
5.9
6.3
7.1
5.8
6.1
7
5.8
6
7.3
32.5
57.5
57.2
6.3
7.3
5.9
5.8
5.8
5.9
5.8
5.8
5.9
5.8
5.9
5.9
5.8
5.8
5.9
5.8
5.9
7.6
5.7
5.7
5.8
5.6
5.8
5.8
5.7
5.9
5.8
5.7
5.7
5.8
34.2
49.8
53.6
6
5.8
5.8
5.7
5.7
5.8
5.7
5.8
5.9
5.8
5.7
5.9
5.8
5.8
5.8
5.7
5.8
5.8
6.8
5.7
5.8
5.7
5.7
5.8
49.7
8.1
6.8
5.8
5.9
5.8
35.1
54.6
54.3
5.9
6.1
5.8
5.7
5.8
5.8
5.7
5.7
5.9
5.7
6.8
5.8
5.7
5.7
5.9
5.7
5.7
5.8
5.9
5.8
5.9
5.9
5.7
5.8
5.8
5.8
5.8
5.7
5.7
7
32.4
51
67.3
7.8
6.9
6.1
6
6
6.1
6.1
6
6
8.6
6.2
6.2
6.1
6.1
6.1
6.3
6.1
6.1
6.4
9.5
7.3
6.5
6.1
7
6.7
6.7
7.2
6.8
6.5
7.2
33
50.7
53.5
6.4
5.9
5.8
5.9
5.9
5.9
7
5.9
5.9
5.9
5.9
5.9
5.9
6.1
5.9
5.9
6.1
5.9
5.8
6.8
5.8
5.8
6.9
14.5
6.3
9.7
6.1
5.9
6.2
5.9
34.1
50.8
58.3
6.2
6.5
5.9
5.8
5.8
5.9
5.7
5.8
5.9
5.8
5.7
5.8
5.8
5.8
5.9
5.8
5.7
5.9
5.7
5.7
5.9
5.8
5.8
5.8
5.8
5.8
5.9
5.7
5.9
7.2
33.5
49.6
55.6
6.6
15.4
6.6
9.3
6.5
6.1
5.9
6
6.1
5.9
6
6
6
9.7
6.2
6.1
6.1
6.2
6.1
6.1
6.1
6
9.5
6.1
7.8
6.2
6
6
6.1
6.1
33.9
48.9
55.5
6.2
6.4
5.9
5.8
5.8
5.9
5.8
5.8
5.8
5.8
5.8
5.9
5.7
5.8
5.9
5.8
6.9
5.9
5.8
5.8
5.9
6.1
5.9
10
8.2
6.4
5.9
5.9
5.8
13.9
39.5
52.1
56.6
7.1
6.7
6.3
6.3
6.3
6.4
6.3
6.2
6.2
6.2
6.3
6.5
6.2
6.2
6.2
6.2
6.3
7.4
6.3
6.2
7.3
6.4
9.2
7.3
6.4
6.2
7.2
6.5
6.2
7.4
34.3
50.9
53.5
7.2
6
6.2
6.2
90.7
33
25.5
14.4
8.5
11.9
12.2
8.1
6.3
6.1
6.1
6.1
6.1
6.1
6
6.4
6.1
6.1
6.2
6.1
5.9
7
6
6
7.4
6.1
34.9
53.9
55.8
17
9.4
6.3
6
6.3
6.1
6
6.1
6.1
6
6
6.2
6
6
6.1
6
6
7.4
6.1
6
7.2
6
6
7.4
6
6
7.3
6
6
7.4
34.3
52.3
56.3
6.2
6.1
6.1
6.1
6.3
6.2
6
6
6.1
6
5.9
6.1
5.9
6
6.1
6
6
6.1
5.9
6
6.1
5.9
6
7.6
6
6
7.4
16.4
6.7
6.3
38.6
52.8
50.7
6.2
6.3
6.1
6.1
6
6.1
6
6
6.2
6.1
6
6.1
6
6
6.2
6
6
6.2
6
6
6.1
6
7.3
6.1
6
6
6.1
6.2
6.1
6.1
36.1
53.7
50.6
7
6.3
6.2
6.2
6.1
17
7.1
9.4
6.5
6.3
6.2
6.3
6.3
6.2
6.2
6.2
6.1
6.3
6.4
6.3
6.3
6.2
6.2
6.2
6.2
6.2
6.2
6.3
6.2
6.3
35.2
54.6
50.7
7.2
6.3
6.4
7.3
6.1
6.3
7.3
6.1
6.3
6.5
6.2
6.2
6.5
6.1
6.2
7.4
6.2
6.2
6.2
6.2
6.2
6.1
6.2
6.1
6.2
6.6
6.2
6.1
6.5
6.2
41.5
56.5
50.9
6.3
7.2
6.2
6.1
6.6
6.2
6
6.5
6.2
6.1
6.2
6.2
6.1
6.1
6.1
6
6.1
6.2
6.1
6.1
6.2
6.1
6.1
6.2
6.1
6
6.2
6.1
6.1
6.2
35.6
54.2
50.1
6.3
6.2
6.2
6.1
6.2
6.2
6.1
6.3
6.2
6.1
15.8
7.5
8.6
6.2
6.2
6.1
6
6.2
6.1
6.1
6.3
6
6.1
6.2
6.1
6
6.2
6.1
6.1
6.2
6.1
6.1
6.1
6.1
6.1
6.2
7.3
6.1
6.2
6.1
6
6.2
6.1
6.1
6.3
6.1
44.6
54.8
57
8.6
6.5
6.2
6.1
6.3
6.1
6.1
6.3
6.1
6.1
6.3
6.1
7.8
6.4
6.1
6.1
6.3
6.4
6.2
6.3
16.2
9.6
6.7
6.3
6.2
6.2
6.2
6.1
6.2
6.1
6.1
6.2
6.1
6.1
6.2
6.1
6.1
6.2
6.1
6.1
6.2
6.1
6.1
6.3
6.2
6.2
7.5
6.3
6.2
7.5
6.4
6.2
7.5
6.6
6.3
7.6
6.7
6.5
7.6
6.8
6.9
7.6
37.4
54.3
51.8
7.7
6.2
6.3
6.5
6.3
6.2
7.5
6.3
6.2
6.3
6.3
6.2
6.2
15.8
6.7
6.4
6.5
6.3
6.1
6.5
6.3
6.2
7.5
6.2
6.1
7.1
6.2
6.1
6.7
6.3
6.2
6.5
7.6
6.2
6.3
7.6
6.2
6.2
7.5
6.1
6.2
7.6
6.2
6.1
7.5
6.1
6.2
7.5
6.1
6.2
7.6
6.2
6.2
7.6
6.2
6.1
7.6
6.2
6.2
7.7
6.2
6.3
37.9
52.9
55.2
8.1
6.5
6.2
15.6
7.1
6.5
6.3
6.1
6.1
9.3
6.3
6.2
6.3
6.1
6.2
6.3
6.1
6.1
6.3
6.2
6.2
6.3
6.2
6.2
6.2
6.1
6.2
6.3
7.6
6.2
6.3
6.2
6.2
6.3
6.2
6.2
6.2
6.1
6.2
6.4
6.2
6.2
6.2
6.1
6.2
6.3
6.2
6.2
6.3
6.1
7.2
6.3
6.2
6.1
6.4
6.2
6.2
6.4
6.5
6.1
6.3
6.3
37.7
56.1
52.8
6.6
6.4
15.2
7.2
6.4
6.2
6.2
6.3
6.2
6.2
6.3
6.2
6.2
6.3
6.2
6.2
6.3
6.2
6.2
6.3
6.2
6.2
6.3
6.3
6.2
6.3
6.4
6.2
6.4
6.7
6.3
7.7
6.7
6.6
7.6
6.8
6.7
7.6
6.9
6.7
7.6
7
6.7
7.7
7.3
6.6
7.6
7.4
6.3
6.3
9.3
6.4
6.4
6.2
6.3
6.3
6.3
6.7
6.3
6.2
6.7
6.4
36
54.9
52.8
9
7.5
6.5
6.4
7
6.4
6.3
6.7
6.3
6.2
6.5
6.4
6.3
6.3
6.3
6.3
6.2
6.4
6.3
6.3
6.5
6.3
6.3
6.5
6.3
6.2
6.4
6.3
6.3
7.8
6.3
6.4
8
6.3
6.4
7.7
6.3
6.4
7.7
6.3
6.5
16.7
7.7
9.7
7
6.4
6.3
6.6
6.3
6.3
6.5
6.3
6.4
6.4
6.3
6.4
6.5
6.3
6.3
6.4
6.3
6.4
38.9
58.1
53.7
7.2
7.4
6.2
6.4
7.4
6.2
6.3
6.3
6.3
6.4
6.3
6.3
6.4
6.3
6.2
6.3
6.3
6.3
6.4
6.2
6.2
6.4
6.3
6.3
6.4
6.3
7.2
6.4
6.3
6.3
6.4
6.3
6.3
6.4
13.4
7.9
6.5
6.4
6.3
6.4
6.3
6.3
6.4
6.3
6.3
6.4
6.3
6.3
6.5
6.3
6.3
6.4
6.2
6.3
6.5
6.3
6.3
6.5
6.3
6.4
6.4
6.3
63.4
55.9
56.6
7.6
7
6.6
6.4
6.4
6.8
6.3
6.4
7.1
6.3
6.5
7.5
6.3
6.5
7.4
6.3
6.4
6.7
6.4
6.4
6.5
6.4
6.4
7.6
6.3
6.4
6.4
6.4
6.4
6.4
6.5
6.4
6.4
6.7
6.4
6.3
7
6.5
6.2
7.5
6.5
6.3
7.2
6.3
6.3
7.1
6.5
6.3
6.6
6.5
6.5
6.5
7.8
6.3
6.5
7.7
6.3
6.4
7.7
6.3
6.3
7.7
65
63.1
54.7
7.5
6.5
6.4
6.4
6.4
9.7
6.5
6.5
6.5
6.3
6.4
6.5
6.4
6.5
6.4
6.3
6.6
6.5
6.3
6.3
6.4
6.3
6.3
6.5
6.3
6.3
6.5
6.3
6.3
6.5
6.4
6.4
8
6.3
6.4
7.7
6.3
6.3
7.9
6.4
6.4
7.7
7.5
6.3
6.6
9.4
6.5
6.5
6.3
6.3
6.5
6.3
6.4
6.4
6.3
6.3
6.5
6.3
6.3
6.5
6.4
6.4
43.5
60.5
54.6
7.7
6.5
7.4
6.5
6.3
6.3
6.5
6.4
6.4
6.5
6.4
6.4
6.4
6.5
6.4
6.4
6.4
6.3
6.4
6.4
6.4
7.9
6.4
6.4
7.6
6.3
6.3
7.9
6.4
6.3
7.9
6.5
6.4
17.3
7.2
6.7
9.3
6.5
6.3
6.5
6.5
6.4
6.4
6.7
6.4
6.5
6.8
6.3
6.5
7.1
6.4
6.5
7.6
6.4
6.5
7.2
6.4
6.4
6.8
6.4
6.5
6.6
32
59.6
49.9
9.5
8.3
7.7
8.4
7.9
7.2
8.1
7.6
6.9
8
7.5
7
8.1
7.3
6.9
8.6
7.4
7.4
8
8.4
6.9
7.9
8.4
15.9
8.6
7.6
7.1
11.6
8.3
7.3
8.2
7.7
7
7.9
7.6
6.9
7.7
8.4
6.9
7.6
8.4
6.9
7.6
8.3
6.9
7.4
8.3
6.8
7.5
8.4
6.8
7.4
8.4
6.8
7.6
8.5
6.8
7.5
8.4
6.9
7.5
8.4
39.3
57.4
54.3
7.6
6.8
6.7
6.6
6.6
6.6
6.5
6.5
6.7
6.6
6.6
15.5
7.4
7.1
9.8
6.8
6.7
6.7
8.1
6.7
6.8
6.6
6.6
6.7
6.6
6.6
7.9
6.6
6.6
8.2
6.6
6.6
7.9
6.6
6.7
8.2
6.5
6.6
8.2
6.6
6.6
8.3
6.6
8.1
6.7
6.7
6.6
6.7
6.6
6.6
6.6
6.8
6.6
6.7
6.7
6.7
6.8
6.7
6.7
6.7
6.6
6.7
38.5
54
59.5
7.9
14.7
10.2
6.9
6.6
6.6
6.7
6.6
6.6
6.7
6.5
6.6
6.7
6.6
6.6
6.7
6.7
6.6
6.8
7
6.6
6.7
7.2
6.8
8.2
7.3
7.3
8.2
7.4
7.2
8.2
7.3
7
8.2
7.7
7.1
8.2
8
7.1
8.2
8.1
6.8
6.8
6.6
6.7
6.7
6.7
6.9
6.8
6.7
7.1
6.8
6.6
7.7
6.7
6.6
7.9
6.7
6.7
7.5
6.7
6.6
41
71.1
55.6
8
6.8
6.6
6.7
6.8
6.6
6.6
6.8
6.6
6.6
6.7
6.6
6.6
6.8
6.6
6.6
8.2
6.6
6.6
8.1
6.6
6.7
8.3
6.6
6.6
8.1
6.7
6.7
8.3
6.7
6.8
8.3
6.7
6.7
8.3
6.7
6.7
8.2
6.6
6.7
8.2
6.7
6.7
8.2
6.6
6.6
8.1
6.6
6.6
8.3
6.6
6.6
8
6.7
6.6
8.1
6.7
6.7
10.2
17.4
7.3
6.9
41.2
62
73.8
10
7.7
7.1
6.9
6.9
6.9
7
6.8
6.9
6.8
6.9
6.9
6.8
6.9
6.9
6.9
6.9
8.2
6.8
8.9
7.1
7
6.9
6.9
6.8
7.1
6.9
7
6.9
7
7
6.9
7
7
6.9
6.9
6.9
6.9
6.9
6.8
6.9
8.3
6.9
6.8
8.4
17
8.7
7.4
6.9
7.4
7.1
7.1
6.9
7
7
7
7
7.1
7
6.9
7.4
7
40
53.5
59.1
7.8
8
6.7
6.9
8.3
6.7
6.8
7.2
6.8
6.8
7.1
6.8
6.7
6.8
6.7
6.8
8.1
6.9
6.9
6.8
6.8
6.8
6.8
7.1
6.8
6.7
7.1
6.9
6.7
7.8
6.8
6.7
7.9
6.8
6.7
7.4
8.2
6.7
7.2
8.2
6.8
7
8.3
6.7
6.8
8.2
6.7
6.8
8.4
6.8
6.8
8.4
6.7
6.7
8.3
6.9
6.8
8.5
6.8
6.7
8.3
6.8
42.7
61.9
53.8
7.8
6.8
6.7
6.8
6.9
6.7
6.9
6.8
6.6
7
6.8
6.7
6.7
6.9
6.7
12.7
7.3
6.8
6.8
7.1
6.7
6.6
7
6.7
6.7
6.9
6.7
6.7
6.9
6.7
6.8
6.8
6.7
6.7
6.8
7.9
6.8
6.9
6.7
6.7
6.9
6.8
6.7
6.9
6.7
6.7
6.9
6.7
6.7
6.8
6.7
6.7
6.9
6.7
6.7
8.2
6.8
6.8
8.2
6.7
8.1
6.9
42.9
62.8
58.6
9.4
6.8
6.8
6.9
6.7
6.9
6.8
6.8
6.8
6.8
6.7
6.8
6.8
6.8
6.9
6.7
6.7
6.8
6.8
6.8
6.8
6.7
6.8
6.9
6.7
6.7
6.9
6.7
6.8
6.9
6.8
6.8
8.5
7
6.8
8.3
7.2
6.8
8.2
7.4
7.2
8.4
7.7
7.4
8.3
7.7
7.3
8.3
7.6
7.2
8.4
7.9
7.3
8.3
8.1
7.3
8.1
8.1
6.9
6.9
6.9
6.9
45
105.6
95.4
11.3
9.3
9
9
8.9
9.3
8.6
8.4
9.3
8.3
8.1
8.8
8.3
7.8
8.5
8.1
8
8.2
8
7.9
8
8
7.9
8
8.1
8
7.8
9.3
7.8
7.8
9.1
7.8
7.9
9.2
7.7
7.9
9.4
7.8
7.8
9
7.8
8
9.1
7.8
18.9
10.2
8.8
8.4
8.8
8.6
8.4
233.2
13.5
71.6
32.5
10.7
8.9
9.4
8.9
8.9
9.1
8.5
48.8
68.3
58.4
9.7
11.3
9.1
9
9
8.8
8.6
8.7
8.5
8.5
8.6
10.1
8.5
8.6
8.5
8.5
8.5
8.4
8.3
9.4
8.3
8.4
9.3
8.3
8.2
9.3
8.3
8.3
9.3
8.1
8.3
9.3
8.3
8.1
9.4
8.1
9.8
8.6
8.3
8.3
8.6
8.3
8.2
8.5
8.3
8.2
8.4
8.2
8.1
8.4
8.2
8
9.2
8.1
8.1
9.1
8.2
8.2
9.3
8.2
8.2
9.4
43.2
63.4
60
8.4
7.6
7.3
7.4
7.1
7.1
7.2
7.2
7.2
7.4
7.1
7.1
7.6
7
7.1
7.8
7
7.1
7.8
7.5
8.4
7.8
7.7
8.6
7.8
7.6
8.5
8.1
7.5
8.6
8.7
7.2
7.2
7.1
7.1
7.2
7.2
7.1
7.1
7.1
7.3
7.1
7.1
49.7
30.1
9.5
8.7
7.2
7.2
8.3
7.3
7.2
7.9
7.2
7.2
7.6
7.1
7.2
7.4
7.1
7.1
7.2
44.9
57.8
61.3
8.8
10.1
8.1
8.2
8.4
7.9
7.9
8.1
7.8
7.9
7.7
7.7
7.8
7.6
7.6
7.8
7.6
7.6
8.9
7.6
7.7
9
7.5
7.6
9
7.6
7.7
9.1
7.4
7.5
9
7.6
7.5
9
7.5
7.5
8.9
7.5
7.5
9.1
7.5
7.5
9
7.5
7.4
8.9
7.5
7.5
8.9
7.5
7.6
9
9.5
7.6
7.9
7.7
9.9
8.2
7.8
7.8
8
7.8
40.7
66.6
58.6
8.6
7.3
7.1
7.1
7.2
7.1
7.2
7.2
7
7.1
7.3
7.1
10.1
7.2
7.2
7.1
7.2
7.4
7.1
7.2
7.2
7
7.2
7.2
7
7.2
7.1
7.1
7.3
7
7.1
7.2
7.1
7.1
7.2
7.1
7.1
8.7
7.1
7.1
9
7.2
7.2
7.3
7.2
7.1
7.2
7.2
7.1
7.2
7.2
7.1
7.2
7.5
7.1
7.2
7.9
7.2
7.2
8.3
7.1
7.2
42.9
80.9
94.7
13.1
12.2
19
12.2
11.6
11.5
13.6
12.1
11.4
11.3
11.3
11.4
11.2
11.5
11.4
11.2
12
11.4
11.1
12.1
11.5
11.3
15.8
13.6
12
12.8
13.7
11.7
12.6
13.8
11.3
12.4
14
11.3
12.1
13.9
11.5
12
13.6
13.4
11.5
13.8
11.3
11.7
13.8
13.4
11.6
13.9
11.3
11.5
15.6
7.3
7.5
8.8
7.4
7.5
8.8
7.3
7.5
9
7.3
7.5
45.7
58.5
56.1
9.8
9.5
9.2
8.3
9.1
8.6
8.1
8.6
8.2
8
8.5
8
7.9
8.2
8
9.2
8.3
7.9
9.2
8.1
7.8
9.1
8.3
7.8
9.4
8.2
7.8
9.2
10.1
8
7.9
8.3
7.8
7.9
8.1
7.9
7.9
8.2
7.8
9.1
8.2
7.9
9.3
8.4
7.9
9
31.5
17
11.8
9.5
9.2
8.6
9.3
13.2
8.4
9
8.5
8.1
8.9
8.1
8
8.5
47.9
71.1
60.4
9.3
9
7.7
8
7.6
7.4
7.7
7.7
7.4
7.6
7.6
7.4
7.6
7.5
7.4
7.6
7.5
7.4
7.6
9.2
7.5
7.5
9.1
7.7
7.7
9
7.8
7.7
8.8
8
7.7
9
8.1
8
9
8.3
8.2
9.1
8.4
8
9.1
8.3
8
9
8.7
8.1
9
9.8
8.1
7.6
7.6
7.7
7.5
7.6
7.7
7.5
7.5
8.1
7.5
7.4
8.1
7.6
51.6
59.9
66.2
11.7
10.4
9
9
9.6
8.7
8.7
9.1
8.4
8.6
8.7
8.2
8.4
8.6
8.3
8.4
8.5
8.4
8.5
8.5
8.3
8.4
8.5
9.5
8.4
8.4
9.4
8.3
8.4
9.3
8.3
8.3
9.4
8.3
8.5
9.5
8.3
8.4
9.5
8.4
8.6
9.6
8.3
8.3
9.5
8.2
8.3
9.4
8.3
8.2
9.5
8.2
8.4
9.5
8.2
20.1
10.1
8.8
8.9
8.8
8.7
8.7
43
57.8
57.9
9.2
7.9
7.4
7.5
9.4
7.5
7.6
7.5
7.3
7.5
7.4
7.4
7.4
7.4
7.3
7.5
7.4
7.3
9.2
7.4
7.3
8.8
7.4
7.4
8.9
7.3
9.3
7.7
7.4
7.3
7.5
7.5
7.4
7.5
7.7
7.4
7.5
7.6
7.4
7.5
39.3
15.9
9
8.4
8.2
8.3
8.3
8.3
8.4
8.1
8.1
8.3
8.2
43
25.7
15
8.8
7.7
7.6
7.6
7.6
7.6
41.9
71.8
61
7.9
7.6
7.6
7.5
7.5
7.6
7.5
7.5
7.8
7.5
7.5
8.7
7.5
7.5
8.8
7.5
7.4
7.7
7.4
7.4
7.7
7.4
7.5
8.9
7.5
7.5
7.5
7.4
7.4
7.5
7.5
7.5
7.4
7.9
7.5
7.5
7.8
7.5
7.4
9
7.4
7.4
7.9
7.5
7.4
7.7
7.5
7.4
7.6
7.5
7.5
7.5
7.5
7.4
7.4
7.5
7.4
7.4
7.4
7.5
7.4
7.5
45.7
62.6
67.2
9.3
8.8
7.9
7.7
8.2
7.7
7.6
7.9
7.6
7.7
7.9
7.6
7.6
8
7.7
7.6
8
7.7
7.6
7.7
7.6
7.7
7.9
7.6
7.6
7.8
7.7
7.7
8
7.7
7.6
7.7
7.6
7.6
7.9
7.6
7.6
7.8
7.6
7.7
7.8
7.6
7.6
7.7
7.6
10
8.3
7.7
7.6
7.8
7.7
7.6
7.8
7.6
7.6
7.9
7.7
7.8
7.8
7.6
7.7
7.9
43.5
62.7
61.3
9.4
8.5
9.5
8.1
7.8
7.8
7.8
7.6
7.7
7.7
7.8
7.7
7.7
7.8
7.7
17.8
9.2
7.9
7.8
7.8
7.7
7.9
8.1
7.7
7.7
7.6
7.7
7.7
7.6
7.7
7.7
7.5
7.7
8
7.9
7.7
7.8
7.6
7.7
7.7
7.7
7.7
7.7
7.8
7.7
7.7
8
7.8
7.7
8.4
7.7
7.8
8.9
7.6
7.7
9.1
7.8
7.7
8
7.7
7.7
7.9
46
70.6
70.3
14
10.6
12.2
11
10.6
12.4
11.1
10.7
12.2
11.1
10.8
12.2
11.3
10.8
12.2
11.6
10.8
12.1
11.6
10.7
12
11.3
10.8
12
10.9
10.7
12
10.8
10.6
12
10.8
10.9
11.9
10.8
11
14.2
10.9
11
12.3
11
11.2
11.9
11
11.2
12.3
11
11.2
12.1
11.1
11.4
12.1
11.1
11.2
12.1
11.1
11.3
12
11.1
11.1
12.2
11.2
11.1
59.8
64.1
68.8
10.8
9
8.8
9.3
8.4
8.5
8.9
8.3
8.3
8.7
8.2
8.3
8.6
8
8.3
8.7
8.1
8.3
10.3
8.2
8.3
8.7
8.2
8.4
8.6
8.2
8.3
8.5
8.2
8.3
8.5
8.1
8.3
8.5
8.1
8.2
8.6
8.1
8.2
8.4
44.6
8.3
8.5
10
8.5
8.7
8.2
8.4
8.7
8.1
8.2
8.6
8
8.4
8.7
8
15.3
14.7
10.2
10.6
13.2
10.1
10.4
10.7
10.2
10.4
10.7
10.1
10.3
10.7
10.1
10.4
10.6
10.1
10.3
10.8
10.2
10.4
10.7
10.2
10.3
10.7
10.3
10.3
10.9
10.2
10.4
11
10.1
10.4
11.3
17.6
19.1
22
18.6
19
21.4
18.8
19
20.5
18.9
19.1
20
18.8
19.1
25.3
19.1
19.3
20.3
18.9
19.2
20
19
19.2
20
21.4
19.1
19.9
20.7
19.1
19.4
21.3
19.1
19.4
19.9
19
100.2
124.7
152.3
25.6
25
21.9
24.9
22.7
15.8
10.6
9.5
10.5
10.1
9.4
10.5
10
9.2
10.4
10
9.2
10.4
9.7
9.1
10.5
9.8
9.2
10.4
9.7
9.1
10.4
9.8
9.2
10.4
9.7
9.3
10.4
9.8
9.2
10.5
9.8
9
10.3
9.6
9
10.4
9.7
9
10.2
9.6
9
31.7
12.2
14.4
10.7
12.3
11.2
10.9
11.9
10.6
10.8
11.4
10.4
10.6
11.3
10.4
10.9
11
10.2
10.3
10.9
10.1
10.3
70.2
12.2
10.8
25.6
12.1
54.9
14.1
11.4
10.1
10.8
10
9.7
10.7
9.5
9.4
46.9
15.9
9.8
10.9
10.3
111.3
27
13.4
11.2
12.2
11.5
10.7
12.1
10.8
10.5
11.5
10.6
10.4
11.3
10.5
10.3
11.4
10.4
10.3
11
10.4
10.2
11
10.3
10.2
11
10.5
10.1
11.2
10.4
10.1
11.1
10.3
12.3
11.4
10.4
10.2
58.1
75
92.8
10.9
9.5
11.1
10.1
8.8
9
10.7
8.8
9
9.8
8.9
9
9.5
8.9
9
9.1
9
9
8.9
8.9
8.8
9
8.8
8.9
8.8
9
8.9
9
8.9
8.9
8.9
8.9
9
8.9
8.8
10.8
8.7
10.7
9.1
10.8
8.7
11
8.9
10.5
8.8
10.7
8.9
10.9
9
10.9
8.8
10.7
8.8
10.9
8.9
10.9
8.8
10.8
9.2
10.8
10.7
10.9
8.8
10.9
8.8
10.7
8.8
10.8
9.5
9.8
8
9.9
7.9
9.6
7.9
9.9
7.9
9.7
7.9
9.9
8
9.8
8.2
9.9
7.9
9.9
7.9
9.8
8
10
8
9.8
8.1
9.8
8
9.9
8
9.9
8
9.8
8.2
9.8
7.9
9.8
7.9
9.7
8
10
8.3
9.8
8.1
10
8.2
9.9
8
9.9
8.3
10
7.9
9.8
8.1
9.8
7.9
9.8
8.5
10
50
74.5
19.6
9.1
8
8.1
7.9
8.1
7.9
8.1
8
8.1
8
8.2
7.9
8.1
8
8.2
8
8.2
7.9
8.2
7.9
9.7
8
9.5
7.9
10
8.1
9.8
8.3
8.1
8
8.1
8.1
8.1
7.9
8.2
8.2
8.2
8
8.1
8
8.1
8
8.2
8
8.1
7.9
8.1
8
8.1
8
9.9
8
9.7
8
9.8
8.1
9.8
8
9.9
7.9
9.9
8.2
9.9
8
9.9
8.1
9.9
8.1
10.2
8
9.9
8.1
9.8
8.9
10
8.1
10.1
8
10
8.1
10
8.1
9.9
8.1
9.9
8
10
8.1
9.8
8.1
9.8
8
10.1
8
9.8
8.1
10.1
8.2
10.1
8.1
9.9
8.2
9.9
8
9.9
8
9.9
8
10.1
8
10
8
11
8
8.1
8
8.2
8.2
8.3
8.1
8.2
8.2
8.2
8.3
8.2
8.1
28
70.6
10.9
8.3
8.2
8.1
8.1
8
8.2
8.1
8.2
8
8.1
8
8.2
8.2
8.1
8.2
8.3
8.2
8.5
8.3
8.2
8.5
8.1
8
10
8.1
10
8.1
10
8.3
10.2
8.5
10.2
8.4
9.9
8
10
8
10.1
8.2
10.1
9.4
8.2
8.3
8.3
8.5
8.2
8.1
8.2
8.1
8.4
8.4
8.4
8.5
8.5
8.5
8.5
8.4
8.4
8.4
8.4
23.5
8.8
8.3
8.4
8.3
8.4
8.3
8.4
8.2
8.4
8.3
8.5
8.3
8.4
8.2
8.5
8.3
8.5
8.3
8.4
8.2
8.4
8.2
8.4
8.3
8.4
8.3
8.4
8.3
10.3
8.3
10.5
8.3
10.5
8.3
10.3
8.3
10.1
8.3
10.2
8.3
10.2
8.3
10.2
8.2
10.2
8.3
10.4
8.4
10.2
8.3
10.2
8.3
10.4
8.3
10.2
8.3
10.4
8.3
10
8.4
10.3
8.3
10.1
8.4
10.2
39.3
71.4
10.8
8.4
8.4
8.5
8.3
8.4
8.3
8.5
14.6
8.6
8.3
8.5
8.3
8.5
8.4
8.5
8.4
8.5
8.4
8.5
8.3
8.5
8.3
8.6
8.3
10.2
8.3
9.9
8.3
8.4
8.3
8.5
8.3
8.4
8.3
8.5
8.3
8.5
8.4
8.5
8.3
8.4
8.3
8.5
8.3
8.4
8.3
8.5
8.3
8.5
8.3
8.5
8.4
8.4
8.3
10.2
8.3
10.3
8.4
10.2
8.3
10.3
8.3
10.2
8.3
10.5
8.4
10.3
8.3
10.1
8.3
10.2
8.3
10.3
8.3
10.2
8.4
10.4
8.6
10.2
8.4
10.2
9.6
8.6
8.4
8.4
8.3
8.5
8.3
8.5
8.4
8.5
8.3
8.5
8.4
10.4
8.3
10.5
8.3
10.6
8.4
10.4
8.4
10.2
8.3
10.5
8.3
10.3
8.3
10.4
8.3
10.3
8.4
10.4
8.3
10
8.3
10.5
8.4
10.3
8.4
10.2
8.5
10.2
8.3
10.3
8.5
31
71.2
13
8.8
8.9
8.6
8.8
8.6
8.6
8.5
8.7
8.6
8.7
8.5
8.7
8.5
8.7
8.5
8.7
8.5
8.7
8.6
8.8
8.5
8.7
8.5
8.8
8.6
8.8
8.6
8.7
8.6
8.8
8.9
8.7
8.6
8.7
8.7
21.7
12.5
9.2
8.7
8.8
8.7
51.1
17.3
9
8.8
8.8
8.7
8.8
8.6
8.7
8.7
8.7
8.6
8.7
8.6
8.7
8.6
8.8
8.6
8.7
8.7
8.8
8.5
8.8
8.7
8.7
8.6
11
8.7
8.9
8.7
8.7
8.7
8.7
8.6
8.8
8.6
8.8
8.7
8.7
8.6
8.8
8.6
8.7
8.6
8.7
8.7
8.8
8.8
8.8
8.6
8.7
8.6
8.7
8.6
8.8
8.7
8.8
8.6
8.7
8.6
8.7
8.6
10.5
8.5
10.5
8.6
10.6
8.6
10.3
8.6
10.4
8.8
10.5
8.7
10.5
8.6
10.4
8.6
10.6
8.6
10.6
10.7
9
8.7
8.8
32.2
70.9
10.6
8.6
8.5
8.6
8.4
8.6
8.4
8.6
8.4
8.8
8.4
8.6
8.4
8.6
8.5
8.6
8.4
8.6
8.5
8.5
8.5
8.6
8.5
8.7
8.4
8.6
8.5
8.6
8.4
8.9
8.5
8.7
8.5
8.6
8.5
8.5
8.5
8.7
8.5
8.7
8.5
8.7
8.7
8.7
8.8
8.8
8.5
8.7
8.4
8.6
8.5
8.6
8.4
8.6
8.5
8.7
8.4
8.6
8.4
8.8
8.4
10.6
8.5
10.3
8.5
10.7
8.4
10.5
8.5
10.4
8.4
10.4
8.4
10.6
8.5
10.6
8.5
10.4
8.6
10.6
8.5
10.6
8.5
10.9
42.8
34.8
9
8.7
8.6
8.7
8.5
8.6
8.5
8.6
8.5
8.6
8.4
8.7
8.5
8.7
8.5
8.6
8.5
8.6
8.5
8.7
8.5
8.7
8.4
11.6
8.5
8.6
8.6
8.7
8.5
8.6
8.5
8.7
8.5
8.6
8.5
8.7
8.5
8.7
8.6
8.7
8.5
33.4
73.6
12.1
8.9
8.8
8.7
8.8
8.8
8.8
8.7
8.8
8.6
8.8
8.6
8.7
8.6
8.8
8.6
8.7
8.6
8.7
8.6
8.7
8.6
8.8
8.6
8.8
8.5
8.8
8.6
8.8
8.6
8.8
8.6
8.8
8.6
8.7
8.5
8.8
10.5
8.8
8.6
8.8
8.7
8.7
8.7
8.9
8.6
8.7
8.7
8.7
8.6
8.7
8.6
8.8
8.6
8.8
8.7
8.9
8.7
10.5
8.7
10.7
8.6
10.7
8.6
10.8
8.6
10.6
8.6
10.7
8.7
10.3
8.7
10.5
8.6
10.6
8.6
10.6
8.7
10.7
8.7
10.5
8.7
10.8
8.6
10.7
8.7
10.5
8.7
10.5
8.7
10.7
8.6
10.5
8.7
10.8
8.7
10.7
8.7
10.4
8.6
10.6
8.7
10.7
8.7
10.6
8.7
10.6
8.7
10.8
8.7
10.5
8.7
10.5
8.7
10.6
8.7
10.7
8.6
10.6
8.7
10.7
8.6
10.7
8.6
10.8
8.7
10.7
36.2
75.1
10.4
8.7
8.6
9.1
9.3
9.5
9.3
9.5
9.2
9.6
9.3
27.1
9.8
9.8
9.4
9.6
9.3
9.5
9.3
9.5
9.3
9.6
9.3
11.3
9.4
9.5
9.2
9.7
9.2
9.6
9.3
9.5
9.3
9.5
9.3
9.5
9.2
9.5
9.3
9.5
9.3
9.5
9.2
9.7
9.3
9.5
9.4
9.5
9.3
11.5
9.6
11.4
9.3
11.6
9.4
11.6
9.3
11.6
9.4
11.4
9.3
11.6
9.3
11.4
9.4
11.6
9.2
11.6
9.3
11.6
9.3
11.7
9.4
11.5
9.4
11.6
9.4
11.3
10.7
9.6
9.5
9.6
9.4
9.5
9.3
9.5
9.4
9.5
9.3
9.6
9.4
9.5
9.4
9.6
9.5
9.6
9.4
9.5
9.3
9.5
9.4
9.5
9.3
11.7
9.4
11.7
9.3
11.6
9.4
11.5
9.3
11.7
9.3
11.5
9.4
11.5
9.4
11.8
9.5
11.6
9.6
12
8.7
10.7
8.6
10.9
8.7
38.6
74
12.8
9.2
9
8.9
8.9
8.8
9
8.8
9
8.7
9
8.8
8.9
8.8
8.9
8.8
10.7
8.8
10.8
8.8
10.7
8.9
10.7
8.8
10.8
8.8
10.9
8.8
10.8
8.8
10.9
8.8
10.8
8.9
10.7
8.8
10.7
8.8
10.9
8.9
10.9
8.8
10.8
8.9
10.8
8.8
10.7
8.9
10.7
8.8
10.6
8.9
16.2
11.4
9.2
8.9
9
8.9
9
8.9
8.9
8.8
9
8.9
11.4
9
9.2
8.9
9
8.8
9.1
8.9
10.6
8.9
10.7
9
10.8
8.9
10.9
8.8
10.9
8.9
11
8.9
10.9
8.9
10.8
8.9
10.9
8.8
10.8
8.9
10.8
8.9
10.8
8.8
10.9
8.8
10.8
8.8
10.9
8.8
10.9
8.9
10.6
8.9
10.7
8.8
10.7
9.1
11.1
8.9
10.9
8.8
10.8
8.9
10.9
8.8
10.9
11.4
9.1
8.9
9
8.9
9.1
8.9
9
30.8
74.2
13.5
9.2
8.8
9
8.8
9
8.8
8.9
8.8
8.9
8.8
8.8
8.8
8.9
8.7
8.9
8.8
9
8.8
10.7
8.8
9.4
9
9
8.8
8.9
8.8
8.9
8.8
10.4
9.1
9.1
9
9.2
9
9.1
9
9.2
9
10.9
9.1
11
9
11.1
9
11
9.1
11.3
9
11.1
9
11
9.1
11.1
9.1
11.1
9.1
11.2
9
10.9
9
11.1
9
11.1
9
11
9.1
11.2
9
11.2
9
11
9
11
9.1
11.2
9.1
11.2
9.1
11.2
9
10.8
9.1
11.1
9
13.5
9.3
11.5
9.3
11.4
9.3
16.3
10.8
9.6
9.3
9.5
9.3
9.5
9.3
9.5
9.4
9.5
9.5
9.5
9.4
11.5
9.5
9.5
9.4
9.6
9.7
9.5
9.5
9.5
9.3
11.4
9.3
11.5
9.3
11.6
9.3
11.4
9.4
11.3
11.5
11.9
9.6
37.1
79.1
13.3
10
10
9.9
10
9.9
9.9
9.9
10.1
9.9
10
9.8
9.9
9.8
10
10
12.1
9.9
11.9
9.9
11.6
9.8
12.1
9.9
11.8
9.9
11.9
9.9
11.7
9.9
11.9
9.9
11.9
12
10.1
9.9
10
9.8
10.1
9.9
10
10
10
10
10
12.4
10.2
10.2
10.3
10.3
10.4
10.2
10.3
10.2
10.4
10.2
10.2
10.2
10.3
10.2
10.3
10.2
12.3
10.2
12.3
10.3
12.1
10.2
12.6
10.3
12.2
10.3
12.2
10.2
12.3
13.4
11.7
10
11.9
10
11.9
9.9
12.1
10
12
10
116.4
21.5
13.8
12.9
13.1
28.6
28.7
13.6
13
12.8
12.9
12.7
13
12.7
15.4
12.6
15.3
12.9
15.4
12.7
15.2
12.8
15.3
12.7
15.4
12.7
15.3
12.6
15.5
12.8
24.8
10.3
10
9.8
10.7
10.6
10.8
10.6
12.8
10.6
12.8
42
87.3
11.2
10.3
10.1
10.3
10.1
10.3
10.1
10.3
10.1
10.4
10.2
10.3
10.1
10.3
10.1
10.3
10.1
10.3
10.2
11.6
10.1
10.3
10.1
23.6
10.7
10.3
10.2
10.3
10.1
10.3
10.1
10.4
10.2
10.3
10.1
10.4
10.1
10.3
10.2
24.7
11.6
9.5
9.3
9.5
9.3
9.6
9.3
9.5
9.3
9.5
9.3
11.4
9.3
11.6
9.3
11.5
9.3
11.5
17
9.6
9.4
9.5
9.4
9.6
9.4
9.5
9.4
9.6
9.3
9.5
9.4
11.5
9.4
11.7
13.2
9.6
9.4
9.5
9.4
9.6
9.3
9.5
9.4
9.5
9.3
9.6
9.3
9.6
9.4
9.5
9.3
9.6
9.4
9.5
9.4
11.3
9.4
11.5
9.4
11.3
9.3
11.6
9.3
11.5
9.4
11.7
9.4
11.7
9.4
11.4
9.3
11.4
9.4
11.4
9.3
11.3
9.4
11.6
9.4
11.5
9.4
11.5
9.4
11.5
9.4
11.6
9.4
50.2
85.1
13.5
9.5
9.6
9.4
9.5
9.4
9.6
9.4
9.6
9.4
9.6
9.4
9.6
9.4
9.5
9.4
20.8
10.5
9.6
9.4
9.7
9.5
9.5
9.4
9.6
9.4
9.6
9.4
9.6
9.4
9.6
9.4
9.6
9.5
9.6
9.7
9.9
9.7
9.8
9.7
9.9
9.6
9.9
9.7
9.9
9.7
9.8
9.7
9.9
9.6
12
9.7
12.2
9.7
11.8
9.7
12.2
9.6
12.1
9.6
12
12.7
14.2
11.3
9.9
9.8
9.9
9.8
9.9
9.7
9.9
9.6
9.9
9.7
9.8
9.7
9.9
9.7
9.8
9.7
9.8
9.7
9.9
9.7
10
9.7
9.9
9.7
10
9.7
9.9
9.7
9.9
9.7
10
9.7
9.9
9.7
9.9
9.7
12.4
9.7
12.1
9.8
12.1
9.7
12
9.7
12.4
25.1
19.7
78.3
26.6
10.8
20.4
24
10
9.8
10
9.8
10
9.7
9.9
9.8
10.1
9.8
10.1
37.1
209.5
11.7
10.6
10.3
10.5
10.4
10.5
10.3
10.4
10.4
10.5
10.3
10.5
10.5
10.5
10.4
10.6
10.4
10.6
10.4
10.5
10.3
10.6
10.3
10.5
10.3
10.6
10.3
10.4
10.3
10.5
10.4
10.6
10.3
10.6
10.3
10.6
10.4
10.5
10.3
10.6
10.3
10.5
10.3
10.6
10.5
10.5
10.3
12.8
10.3
12.8
10.5
12.7
10.6
369.6
14.5
10
9.8
10.1
9.8
10
9.8
10.1
10
10
10.3
10
9.8
10.1
9.9
10
9.9
10.1
10
10
9.9
10.1
10
10
9.8
10
10
12
9.9
12
9.8
12.5
9.8
12.2
9.9
12.2
9.9
12.1
9.7
12.1
9.8
12.2
10
12.3
9.8
12
10
11.9
9.9
10
10
9.9
9.8
10.1
9.8
10
9.9
9.9
9.8
9.9
9.8
10
9.8
9.9
9.9
10
9.8
10
9.9
9.9
9.8
9.9
9.9
10
9.9
10
9.9
11.9
9.8
12.3
9.8
11.9
9.9
12.2
9.9
12.4
9.8
11.9
9.8
12
9.8
12.2
9.9
11.8
9.8
12.1
9.8
12.2
9.8
12.1
9.8
12.1
9.9
12.1
13.3
10
9.9
9.9
9.8
10
9.9
9.9
9.8
10
10
9.9
9.8
10
9.9
10
9.8
10.1
9.9
10.1
10
10.1
10.2
10
9.8
12.2
9.8
12.1
9.8
12.2
10.8
12
9.7
37.7
71.7
12.5
9.6
9.8
9.6
9.7
9.6
9.8
9.6
9.7
9.6
9.7
9.6
9.7
9.5
9.9
9.7
9.8
9.7
9.8
9.6
11.8
36.3
17.3
9.8
9.9
9.6
9.9
9.7
9.8
9.7
9.8
9.6
9.7
9.6
9.9
9.6
9.8
9.5
9.9
9.6
9.8
9.6
11.9
9.6
12
9.7
11.6
9.7
11.9
9.7
11.8
9.6
11.9
9.7
11.7
9.6
12.1
9.6
12
9.6
12
9.6
12
9.6
11.8
9.6
11.8
9.7
11.8
9.6
11.9
9.6
11.8
9.6
12.4
9.4
11.6
9.4
11.7
9.4
12.2
9.5
9.5
9.4
9.6
9.5
9.5
9.4
9.6
17.6
9.9
9.4
9.7
9.4
9.6
9.4
9.6
9.4
9.6
9.4
9.6
9.3
9.6
9.4
9.7
9.4
9.5
9.4
9.5
9.4
9.5
9.5
11.6
9.4
11.4
9.4
11.7
9.4
11.7
9.4
11.5
9.4
11.8
9.5
11.6
9.5
11.7
9.4
11.7
9.5
11.5
9.4
11.8
9.5
11.5
11.3
9.7
9.5
9.6
9.4
9.7
9.4
9.5
9.4
9.6
9.4
9.6
9.5
9.7
9.8
9.6
9.4
9.6
9.5
9.6
9.5
9.7
9.5
11.7
9.5
11.5
9.4
11.6
9.4
11.7
9.4
11.7
9.5
11.7
9.5
11.9
9.5
11.5
9.4
11.6
9.4
11.7
9.5
11.6
9.4
12.7
12.6
9.7
9.4
9.7
9.5
15.6
9.8
9.7
9.4
9.6
9.5
9.6
9.6
9.6
9.6
9.6
9.5
9.7
9.6
9.6
9.5
9.6
9.6
9.7
9.5
9.6
9.5
9.7
9.6
9.7
9.7
9.7
9.4
9.7
9.7
9.6
9.4
11.8
9.7
11.7
9.5
11.8
9.5
11.8
9.5
11.8
9.5
11.8
9.5
11.7
9.5
11.6
9.5
11.7
9.5
11.8
9.5
11.8
9.5
11.8
9.7
11.7
9.5
11.5
9.6
11.8
9.7
11.7
9.5
11.2
9.5
9.9
9.5
9.6
32.8
185.9
161.6
12.5
9.5
9.8
9.5
9.6
9.6
9.9
9.5
9.7
9.5
10
9.6
9.7
9.5
9.6
9.5
9.7
9.5
9.7
9.5
9.7
9.6
9.7
9.5
9.6
9.6
9.7
9.5
9.8
9.5
9.7
9.7
9.7
9.6
9.7
9.5
9.7
9.5
9.8
9.6
11.7
9.6
11.6
9.5
11.7
14.6
10
11.1
9.7
9.7
9.8
9.5
9.7
9.7
9.7
9.7
9.7
9.8
10
10.2
9.8
9.6
9.7
9.4
9.7
9.7
9.6
9.5
9.9
9.7
9.7
9.5
9.8
9.6
9.7
9.5
9.8
9.5
9.9
9.6
9.8
9.5
9.6
9.5
9.7
9.6
9.7
9.6
9.7
9.5
9.7
9.6
10
9.6
9.9
9.5
9.7
9.6
9.7
9.5
9.8
9.5
9.9
9.6
9.9
9.6
9.7
9.5
9.7
9.5
9.7
9.6
9.7
9.5
9.7
9.6
9.7
9.6
9.7
9.6
9.7
9.6
9.8
9.6
9.7
9.5
9.8
9.8
9.8
9.5
11.8
9.5
11.8
9.5
11.9
9.6
11.9
9.6
11.9
9.5
11.9
9.6
11.9
9.9
11.8
13.8
9.9
9.6
9.8
9.7
9.7
9.6
9.7
9.6
9.8
9.6
9.8
9.6
9.8
9.6
9.8
9.7
11.3
9.7
9.8
9.6
9.8
9.7
9.8
9.6
9.8
9.7
9.8
9.6
9.7
9.6
11.9
9.6
12
9.6
11.8
9.6
11.9
9.6
11.9
9.7
11.7
9.5
11.9
9.8
11.7
9.6
11.8
9.6
11.7
9.6
11.8
9.6
11.9
9.6
11.9
9.6
12
9.7
11.8
9.5
11.9
9.5
11.8
9.6
12.1
9.6
11.9
9.6
12.1
9.9
14.4
10.2
9.8
11.4
9.8
9.6
9.8
9.6
9.8
9.7
9.8
9.6
9.7
9.6
9.8
9.7
9.9
9.7
9.7
9.6
9.8
9.6
9.7
9.6
9.8
9.6
9.8
9.7
9.8
9.6
9.9
9.8
9.8
9.6
11.9
9.6
12.2
9.7
39.3
132.1
12.7
9.7
9.8
9.6
9.8
9.7
9.8
9.6
9.8
9.6
9.8
9.7
9.8
9.7
9.8
9.6
9.8
9.7
9.8
9.6
9.8
9.6
9.8
9.7
9.8
9.7
9.8
9.7
9.8
9.7
9.9
9.6
9.9
9.6
9.8
9.6
9.8
9.6
11.9
9.6
12
9.6
11.7
9.7
11.8
9.6
19.2
9.8
9.8
9.6
9.8
9.7
9.9
12.8
9.9
9.7
9.8
9.7
9.8
9.7
9.9
9.7
9.9
9.6
9.9
9.8
9.9
9.7
9.8
9.7
9.9
9.7
9.9
9.6
9.9
9.8
9.9
9.6
11.1
9.8
9.9
9.6
9.9
9.6
9.9
9.6
9.9
9.6
9.9
9.6
9.8
9.7
9.9
9.6
9.8
9.7
9.9
9.7
9.8
9.8
9.8
9.7
9.8
83.3
13
9.8
9.9
9.7
9.9
9.7
9.9
9.8
9.9
9.8
27.2
18.6
9.9
9.7
9.7
9.7
9.7
9.6
9.7
9.6
9.7
9.7
9.8
9.6
9.8
9.7
9.7
9.7
9.7
14.2
9.7
9.6
9.7
9.6
9.7
9.7
9.7
9.7
9.7
9.8
9.7
9.7
9.7
9.7
9.7
9.7
9.7
9.8
9.7
9.7
9.7
9.8
9.7
9.7
9.8
9.7
9.8
9.8
9.7
9.7
9.7
9.7
9.8
9.6
9.7
9.6
9.8
9.7
9.7
9.6
9.7
9.7
9.7
9.6
9.7
9.7
9.7
9.7
9.9
9.7
9.7
9.8
9.6
9.6
9.7
9.7
9.8
9.6
9.8
9.7
9.7
9.7
9.7
9.7
9.7
9.7
9.7
9.7
9.7
9.6
9.7
9.7
9.7
9.7
9.8
9.7
9.7
9.7
9.7
9.7
9.7
9.7
9.8
9.7
9.7
9.7
9.7
9.7
9.7
9.7
9.8
9.7
9.7
9.8
9.8
9.7
9.8
9.7
9.7
9.7
9.8
9.7
9.8
9.7
9.7
9.8
9.7
9.6
9.8
9.7
9.8
9.7
9.7
9.8
11.2
9.7
9.8
9.8
9.8
9.8
9.9
49.8
90
14.2
9.9
9.7
9.9
9.8
9.8
9.7
9.8
67.9
27.3
10.1
10.1
9.9
10
9.7
10.1
9.8
10
9.8
10
9.8
10
9.8
9.9
9.8
12.1
9.8
12.3
9.8
11.9
9.8
12.1
9.8
12.3
9.7
12
9.9
12
9.8
12
9.9
12.3
9.8
11.9
9.8
12.1
14.2
10.1
9.9
10
9.9
10
9.8
10
9.8
9.9
9.8
10
9.9
10.1
9.8
10
9.9
10
9.9
10.1
9.8
12.1
9.8
11.9
9.8
12.2
9.8
12.1
9.8
12
9.8
10.3
9.9
10.1
9.9
10
9.9
10
9.8
10
9.9
10.1
9.9
10
9.9
10
9.9
10
9.8
12.3
9.8
12.1
9.8
12.1
9.8
12.1
9.9
12.2
9.9
12.2
9.9
12.1
9.9
12.4
9.8
12.4
9.9
12.2
10
12.2
9.8
12.2
9.9
12
9.9
12.3
9.9
12.1
9.8
12.3
10
12.2
9.9
12.1
9.9
12.1
9.9
12
9.9
12.1
9.9
12.2
9.8
12.2
9.8
12.2
9.8
12.1
9.8
12.3
9.9
12.1
9.9
12.4
9.8
12.2
9.9
12.1
9.8
12.1
9.9
12.4
9.8
12
9.8
11.7
9.9
10.1
9.8
17
10.7
10.1
10
10.1
9.9
10.1
9.9
10
9.9
10.2
9.9
10.1
9.9
10.1
9.8
10.1
10
88.7
9.9
10.1
9.9
10.1
22.5
12.2
10.1
10.1
9.9
10.1
10.1
10.1
9.9
10.1
9.9
10.1
9.9
10.3
9.9
10.1
9.9
10.2
9.9
10.1
10
10.1
9.9
12.2
9.9
12.5
9.9
12
10
12.3
12.2
10.1
9.9
10.1
9.9
10.2
9.9
10.1
9.9
10.1
9.9
10.1
10
10.1
9.9
10.1
10
10.1
9.9
12.5
9.9
12.3
10
12.3
9.9
12
9.9
12.4
9.9
12.2
9.9
12.1
9.9
12.3
9.9
12.3
10.1
48.3
80.9
14.1
10.1
10.1
9.9
10.1
9.9
10
9.9
10.2
9.9
10.1
9.9
10.2
10
10
9.9
10.1
9.9
10
9.9
12.3
9.9
12.3
10
12.2
10
12.3
9.9
12.4
9.9
12.4
10
12
10
12.2
9.9
12.2
9.9
12.4
9.9
12.3
9.9
12.2
10
12.3
9.9
12.2
9.9
12.2
9.9
12.5
9.9
12.1
9.9
12.3
10
16.6
11.8
10.2
10
10.2
10
10.2
10
10.2
9.9
10.1
10
10.1
10
10.1
10
10.1
10
10.2
10
19.3
10.2
10.1
10
10.1
9.9
10.2
10
10.2
10
10.2
9.9
10.1
9.9
10.2
10
10.2
10
10.3
10.1
10.2
10.1
10.1
10
10.3
10
10.2
10
10.1
10
12
10
12.5
10
12.4
10
12.4
9.9
12.3
9.9
12.4
10
12.3
10
12.5
10
12.2
10
12.1
9.9
12.2
9.9
12.4
9.9
12.4
11.7
10.2
10
10.2
10
10.2
10
10.2
9.9
10.2
10.1
10.4
10.2
10.4
10.3
10.5
10.3
10.4
10.3
10.5
10.3
10.5
10.3
10.5
10.3
12.6
10.2
12.7
10.4
12.7
10.2
12.6
10.2
12.6
10.2
12.7
10.2
12.6
10.3
12.6
10.3
13
10.3
12.8
10.3
12.7
10.2
12.7
10.4
12.5
10.2
12.8
10.3
12.8
10.3
12.9
10.3
12.7
10.3
12.5
10.3
12.9
10.3
12.9
10.2
12.7
10.3
13.1
10.3
12.5
10.3
12.7
10.3
12.7
10.3
12.7
10.2
12.9
10.3
12.8
10.4
12.9
10.3
12.7
10.2
12.8
10.3
12.9
10.3
12.6
10.3
12.8
10.3
12.8
10.4
12.6
10.3
12.6
10.3
12.8
10.3
15.8
10.6
10.6
10.4
10.5
10.3
10.5
10.4
10.5
10.3
10.5
10.3
10.6
10.4
10.7
10.4
10.5
10.3
10.5
10.3
10.5
10.4
10.5
38.2
82.5
12.7
10.5
10.3
10.5
10.3
10.5
10.3
10.5
10.3
10.5
10.3
10.5
10.3
10.5
10.3
10.5
10.4
10.5
10.3
10.5
10.3
10.6
10.3
10.5
10.3
10.6
10.3
10.5
10.3
10.5
10.3
10.6
10.3
10.5
10.3
10.5
10.3
10.5
10.3
10.5
10.4
10.5
10.3
12.9
11.6
10.5
10.3
10.5
10.4
10.5
10.3
10.6
10.4
10.5
10.3
10.5
10.3
10.5
10.3
10.5
10.4
10.6
10.4
10.6
10.3
10.6
10.4
10.7
10.3
10.5
10.3
10.6
10.4
10.5
10.3
10.6
10.3
10.6
10.4
10.5
10.4
10.6
10.4
10.6
10.4
10.5
10.4
10.5
10.3
10.5
10.3
10.5
10.3
10.6
13.9
12.4
10.4
10.6
10.4
10.5
10.4
10.5
10.3
10.6
10.4
10.5
10.4
10.6
10.4
10.7
10.4
10.6
10.4
12.9
10.4
12.9
10.4
12.8
10.3
13
10.4
12.7
10.5
12.6
10.4
12.8
10.4
12.7
10.4
12.9
10.4
13.1
10.5
13.3
10.4
12.9
10.6
13.1
10.5
12.8
10.4
12.9
10.5
12.8
10.5
12.9
10.6
13
10.7
15.8
10.7
10.7
10.5
10.6
10.7
10.8
10.7
10.7
10.6
12.1
10.4
10.7
10.5
10.6
10.5
10.9
10.7
10.7
10.4
10.8
10.7
10.9
11
10.6
10.6
10.7
10.7
10.7
11.1
10.7
10.7
10.7
10.6
10.7
10.5
10.6
10.6
12.9
10.6
12.7
10.4
12.7
10.6
13.1
10.8
12.8
10.7
12.8
10.6
12.7
10.6
12.9
10.4
13
10.6
13.2
10.7
12.9
10.7
13
10.6
12.7
10.5
13
10.4
13
12.3
10.7
10.6
10.7
10.5
10.7
10.8
10.6
10.6
10.6
10.7
10.8
10.6
10.6
10.9
10.7
10.5
10.6
10.5
10.8
10.6
10.7
10.5
10.7
10.4
13.2
10.9
12.8
10.7
12.9
10.5
13
10.7
12.9
10.5
12.9
10.6
13
10.6
42.2
85.7
13.8
10.6
10.7
10.6
10.7
10.5
10.7
10.4
10.7
10.5
10.6
10.4
10.7
10.5
10.6
10.4
10.6
10.4
10.7
10.5
12.7
10.4
13.1
10.5
12.9
10.5
13.1
10.5
13.1
10.5
13.1
10.5
13.1
10.4
13.1
10.5
12.9
10.5
12.9
10.5
12.9
10.5
13
10.5
12.9
10.4
47
13.9
10.8
10.5
10.7
10.6
10.8
10.5
10.7
10.5
10.7
10.6
10.7
10.6
10.8
10.5
10.7
10.5
10.7
10.7
10.8
10.5
10.8
10.4
10.7
10.5
10.7
10.6
12.9
10.5
10.7
10.5
10.7
10.6
10.8
10.5
10.8
10.5
10.7
10.5
10.8
10.7
10.7
10.8
10.8
10.5
10.7
10.6
10.8
10.5
10.8
10.6
13
10.6
13.2
10.5
13
10.7
13
10.6
13.1
10.5
12.9
10.7
13
10.7
13.1
10.6
13.2
10.5
12.9
10.5
13.3
10.6
13.2
10.6
12.9
10.6
12.9
10.6
13
10.6
13.1
11.8
10.7
10.5
10.8
10.6
10.8
10.5
10.8
10.5
10.7
10.6
10.8
10.6
10.7
10.5
10.7
10.6
10.8
10.6
10.8
10.5
10.8
10.6
10.7
10.7
10.8
10.6
10.7
10.5
10.7
10.6
10.9
10.8
13
10.5
13
10.6
13
10.5
13.4
10.5
13.1
10.5
13.1
10.6
13.1
10.6
13
10.5
13.3
10.5
13.1
10.6
13.1
10.6
13.4
10.6
13.3
10.5
12.9
10.7
13
10.6
13.1
10.6
12.9
15.5
11
10.6
10.7
10.6
10.8
10.7
10.9
10.5
10.8
10.6
10.7
10.6
10.7
10.6
13.1
10.6
12.9
10.5
13.1
10.7
13
10.7
13.1
10.8
13.1
10.7
13.1
10.8
12.9
10.6
13.1
10.5
13.3
10.8
13.1
10.7
13.1
10.6
13.5
10.7
13.2
10.9
13.2
10.7
13.1
10.6
13.2
10.5
12.4
10.5
10.9
10.6
10.8
10.6
10.9
10.6
10.8
10.5
10.9
38
86.6
15
10.9
10.6
10.8
10.5
206.3
37
11.7
10.6
10.6
10.6
10.6
10.5
10.7
10.6
10.6
10.6
10.6
10.5
10.6
10.6
10.6
10.6
10.6
10.5
10.7
10.6
10.6
10.6
10.8
10.6
10.7
10.5
10.9
10.6
10.7
10.5
10.7
10.6
10.6
10.6
10.6
29.1
10.9
10.7
10.7
10.6
10.6
10.6
10.6
10.6
10.6
10.7
10.7
10.6
10.6
10.6
10.6
10.6
10.8
10.7
10.7
10.7
10.7
10.6
10.7
10.6
10.6
10.6
10.7
10.7
10.8
10.6
10.8
10.6
15.7
13.5
11.1
10.7
10.9
10.7
10.9
10.6
10.9
10.8
10.9
21.8
11.2
10.7
10.9
10.7
10.9
10.6
10.9
10.8
10.9
10.9
10.9
10.8
11.2
10.8
11.1
10.9
11.2
10.9
11.1
11
11.2
10.9
11.1
10.8
11
10.9
11.2
11
13.3
10.8
13.3
10.7
13.3
10.8
13.2
11
13.2
10.7
13.4
10.7
13.2
10.8
13.5
10.6
12.9
10.8
13
10.7
13.2
10.7
13.3
10.8
13.3
10.8
13.2
10.8
13.2
10.8
13.3
10.7
13.3
10.7
13.1
10.7
13.1
10.6
13.1
10.7
13.1
10.7
12.6
10.8
10.9
10.7
11
10.7
10.9
10.7
10.9
10.7
10.8
10.8
10.9
10.7
10.9
10.7
10.9
10.7
13.2
10.7
13.7
10.7
13.2
10.8
13.2
10.7
13.2
10.7
13.2
10.8
13.3
10.8
13.2
10.7
13.4
10.8
13.5
11.6
13.2
10.7
13.3
10.7
13.2
10.7
13.3
10.7
13.2
10.7
12.9
10.7
13.2
11
13
10.7
13.1
10.8
13.3
12.2
10.9
10.7
10.9
10.7
11
10.7
10.9
10.7
10.9
10.8
11
10.7
10.9
10.7
10.9
10.7
11
10.7
10.9
10.7
61.1
13.4
11.1
10.7
11
10.7
10.9
10.8
11
10.7
10.9
10.8
11.1
10.8
10.9
10.8
11
10.8
10.9
10.7
53.7
92.7
13.2
10.8
10.9
10.8
23
10.8
11
10.8
11.1
10.7
11
14.4
11.1
10.8
10.9
10.7
11
10.7
11
10.7
13.4
10.7
13.2
11.2
18.7
15.2
18.9
15.2
18.6
15.2
18.8
15.2
18.6
15.2
18.8
15.2
18.9
15.1
18.7
15.2
19
15.2
19
15.2
27.5
16
12.7
12.4
12.6
12.4
12.6
12.4
12.6
12.5
12.6
12.4
12.6
12.4
12.6
12.4
12.7
12.4
12.6
12.4
15.5
12.5
15.3
12.4
15
12.4
22.5
15.1
14.9
12.4
12.6
12.5
12.6
12.4
12.7
12.5
12.7
12.4
12.6
12.4
12.8
12.4
55.4
40.1
11
10.8
10.8
10.8
10.8
10.7
10.8
10.8
10.7
10.8
10.8
10.7
10.8
10.8
10.8
10.8
10.8
10.8
10.8
10.8
10.9
10.7
10.8
10.8
10.9
10.8
10.8
10.8
10.8
10.8
10.8
10.7
10.9
10.8
10.9
10.8
10.8
10.8
10.8
15.2
18.7
11.3
10.9
10.8
10.9
10.9
10.8
10.8
10.9
10.7
10.8
10.9
10.8
10.8
10.9
10.8
10.9
10.8
10.9
10.9
10.8
10.8
10.8
10.8
10.8
10.8
10.9
10.8
10.9
10.8
10.8
10.8
10.9
10.8
10.9
10.8
10.8
10.7
10.8
10.8
10.8
10.8
10.8
10.8
10.9
10.8
10.9
10.8
10.9
10.8
10.8
10.8
10.9
10.8
10.9
10.8
10.9
10.8
10.8
10.8
10.9
10.8
11.1
10.8
11.2
10.8
11
14.1
14.9
11.6
11.2
10.9
11.2
10.9
11.3
10.9
11.4
10.9
11.1
10.9
11.1
11.1
11.3
10.9
11.2
10.8
11.2
10.9
13.7
10.9
13.6
10.9
13.5
10.9
13.4
11.1
13.4
11
13.6
11
13.3
10.9
13.8
21.8
12
11
11.3
10.9
11.4
10.9
11.5
10.9
11.3
10.8
13.6
10.9
11.5
11.2
11.2
11
11.4
11.1
11.7
10.9
11.3
11.1
11.4
63.5
104
13.2
11.1
11
11.3
10.9
11.2
10.9
11.2
10.9
11.2
10.9
11.1
10.9
11.1
10.9
11.1
10.9
11.1
10.9
11.3
11.1
11.1
10.9
11.2
15.6
16.3
16
16.3
16.3
16.7
16.3
16.4
16
19.7
16.1
20
16.1
19.8
16
19.8
18.1
16.3
16
16.3
16.4
16.5
16.1
16.2
16
16.4
16.1
16.4
16.1
16.4
16.2
16.3
16.3
16.2
16.1
16.4
16.2
16.3
16.3
16.4
16.2
16.4
23.8
29
27.9
28.2
27.7
28.3
28.1
28.6
27.9
28.6
27.8
28.2
28.2
28.4
28.1
28.3
28.4
28.4
28
28.5
105.7
45.7
30.5
30.4
22
12.4
12.2
12.5
12.2
12.5
12.2
12.5
12.4
12.4
12.3
12.4
12.2
12.5
12.2
15.2
12.3
15
12.3
15.3
12.3
15.2
12.3
15.4
12.2
15.1
12.2
15.1
12.3
15
12.2
15.3
12.2
15
134.5
32.2
11.8
11.3
11
10.9
10.9
10.9
10.9
11
11
11
10.9
10.9
10.9
11
10.9
11
11
11
11
10.9
60.5
15.7
12.5
12.7
12.3
12.6
12.4
12.5
12.2
16.5
13.9
12.5
12.3
12.5
12.4
12.5
12.3
12.5
12.3
12.6
12.3
17.7
14.2
12.6
12.3
52.2
17.2
12.6
12.3
12.5
12.3
12.5
12.3
12.6
12.3
12.6
12.3
12.5
12.3
12.5
12.3
12.5
12.4
15.1
12.3
15.4
12.4
15
12.3
15.4
12.3
15.3
12.3
15.3
12.3
15
12.3
15.3
12.3
15
12.3
15.3
12.4
15.2
12.3
15.4
17.3
12.7
12.4
12.6
12.3
12.6
12.3
12.6
12.4
12.5
12.4
15.2
12.3
15.5
12.3
15.1
12.3
15.5
12.3
15.2
12.3
15.5
12.4
15.1
12.4
15.5
12.4
15.3
12.3
68.3
13.5
12.9
12.3
12.7
12.4
12.7
14.2
14.3
12.4
12.6
12.4
12.7
12.5
56.5
97.7
15.3
11.1
11.3
11.1
11.4
11.1
11.3
11.1
11.3
11.1
11.3
11.1
11.4
11
11.3
11.1
11.3
11
11.4
11.1
11.3
11
11.5
11.1
13.9
11.1
13.7
11.1
13.6
11.1
13.8
11.1
13.7
11.1
14
11.1
14
11.2
13.7
11.1
13.8
11.2
13.6
11.1
13.6
11.2
14
11.2
13.8
11
13.7
11.1
13.7
11
13.7
11.1
13.9
11
13.7
11.1
13.7
11.1
13.9
11.1
13.5
11.1
13.6
11
13.8
11.2
14.7
11.1
11.9
16
14.8
14.5
14.8
14.5
14.8
14.6
14.8
14.5
14.9
14.5
14.8
14.5
14.8
29
21.4
14.8
14.8
17.8
15.4
14.5
14.9
14.6
14.8
14.6
14.9
14.6
15.1
14.6
14.9
14.5
14.9
14.5
15
14.5
15
14.5
15.1
14.6
15.1
14.6
14.9
14.6
15.3
14.6
15
14.6
14.9
14.6
15
14.6
15.8
16.6
14.6
14.3
14.7
14.2
14.9
14.2
14.3
14.2
14.4
14.1
14.6
14.2
14.7
14.2
14.5
14.2
14.5
14.1
14.8
14.2
14.7
14.2
14.6
14.2
14.5
14.1
14.5
14.2
19.5
14.7
14.5
14.2
14.7
14.5
14.6
14.4
15.2
14.1
14.5
14.3
14.9
14.2
14.8
14.4
14.6
14.2
14.9
14.2
14.8
14.2
14.7
14.2
14.6
14.3
17.6
14.3
17.9
14.2
18.2
14.1
17.7
14.2
17.7
14.3
17.8
14.2
17.4
14.2
17.8
14.2
18.3
13.8
16.8
13.8
17.4
13.9
17.1
13.7
17.1
13.9
17.4
13.8
17.4
13.8
17.2
13.8
17.1
13.9
17.3
13.7
17
13.7
20.2
14.5
14.3
13.9
14.1
13.8
13.9
13.9
14.3
13.7
14.6
13.8
14.3
13.9
14.3
13.9
14.3
14
14.2
13.9
14.7
13.8
16.8
13.8
14
14.2
14.6
13.8
14.3
13.8
14.5
13.8
19.6
16.1
14.4
13.8
14.3
56.5
118.3
16.3
14.3
14.9
13.6
13.3
13.6
13.4
13.8
13.4
13.7
13.4
13.7
13.7
13.8
13.4
14.1
13.3
13.7
13.4
13.8
117.1
29.2
14.4
13.6
18.5
13.7
13.6
13.7
13.5
13.7
13.3
14
13.5
13.9
13.6
13.8
13.5
17.7
15.7
14.1
13.5
13.9
13.5
13.7
13.7
14
13.5
13.9
13.7
14.6
14.2
14.6
11.3
11.6
11.2
11.7
11.1
13.9
11.2
13.9
19.4
12.1
11.5
11.3
11
11.4
11.5
26.3
11.9
11.7
11.3
11.5
11.5
11.7
11.6
11.3
11.3
11.5
11.3
11.3
11.4
11.3
11.3
11.5
11.2
11.4
11.2
11.3
11.3
11.4
11.4
11.2
11.1
11.3
11.4
11.6
11.7
13.8
11.8
15.1
11.5
13.6
11.2
13.9
11
13.5
11
13.5
11.1
13.7
11.2
13.7
10.9
13.5
11.1
13.8
11.2
13.6
11.2
13.5
11.1
13.9
11.1
13.9
11.3
13.4
11.1
13.8
11.3
13.6
11.5
13.5
11
13.6
11.2
13.6
11.6
13.7
11
13.9
11
18.8
11.2
11.5
11
11.3
11.4
11.2
11.5
11.2
11.3
11.3
11.3
12.8
11.3
11.3
11.1
11.3
11.3
11.2
11.1
11.5
11.2
11.2
11.3
11.2
11
11.2
10.9
11.2
11
11.2
11
11.2
10.9
11.2
11
11.2
10.9
11.3
11
11.2
11
11.3
11
11.2
11
13.3
11
13.6
11
13.8
11.1
13.4
11.1
13.6
11.1
13.5
11
13.6
11.1
13.6
11
13.6
11.1
13.7
11
13.3
15
11.3
12.6
11.3
11.1
11.2
11
11.2
11
11.3
11
11.3
11.1
11.2
11
11.3
11.1
11.2
11
11.2
11.1
11.3
11.1
13.6
11
13.5
11
13.4
11.1
13.6
11
13.9
11
13.8
11
13.7
11.1
13.5
11
13.7
11
13.3
18.9
11.5
11
11.3
11
41.3
90.6
16.6
11.8
11.3
11.4
11.4
11.2
11.3
11.1
11.5
11.1
11.4
11.3
11.3
11.2
11.3
11.1
13.7
11.1
13.8
11.2
13.7
11.2
13.8
11.2
13.6
11.2
13.7
11.2
13.7
11.2
13.7
11.3
13.8
11.2
13.5
20.2
14.1
11.4
11.6
11.5
11.4
11.2
11.3
11.3
15.6
11.5
11.5
11.2
11.3
11.2
11.3
11.2
11.3
11.2
11.4
11.2
11.4
11.2
13.9
11.3
13.7
11.1
13.7
11.3
13.6
11.1
13.8
11.1
13.4
11.4
11.4
11.3
11.4
11.2
11.4
11.3
11.4
11.1
11.4
11.3
11.3
11.2
11.3
11.2
11.4
11.2
20.5
12.3
11.5
11.2
11.4
11.2
11.3
11.2
15
12.2
11.5
11.3
11.4
11.3
11.4
11.3
11.4
11.3
11.4
11.2
11.4
11.4
11.4
11.2
11.4
11.3
11.3
11.3
11.4
11.2
11.3
11.2
13.8
11.2
13.6
11.2
13.7
11.2
13.9
11.2
13.7
11.4
13.8
11.3
13.8
11.2
14
11.2
13.7
11.2
21.4
11.7
11.5
11.2
11.5
11.2
11.4
11.2
11.5
15.5
11.8
11.3
11.4
11.3
11.4
11.2
11.5
11.2
11.5
11.3
13.8
11.3
13.7
11.3
13.9
11.2
13.8
11.2
13.8
11.2
13.5
11.2
13.9
11.4
13.7
11.3
14.2
11.2
13.7
11.3
13.8
11.2
13.9
11.3
13.7
11.2
13.8
11.2
13.8
20.7
12.3
16
11.9
11.2
11.5
11.4
11.7
11.3
11.5
11.2
11.5
11.2
11.5
11.4
11.5
11.2
11.5
11.3
13.7
11.2
13.9
11.4
13.9
11.3
13.7
11.3
13.7
11.3
13.4
11.2
13.8
11.3
13.9
11.3
13.8
11.2
13.8
11.3
13.9
11.3
13.9
23.3
15.1
11.5
11.5
11.3
11.5
11.3
11.5
11.3
11.5
11.4
17.9
11.8
11.6
11.4
11.5
11.5
11.5
11.2
11.5
11.3
11.5
11.4
11.5
11.3
14
11.3
14
41.2
89.5
14.4
11.4
11.1
11.4
11.2
11.4
11.2
11.4
11.1
11.5
11.1
11.6
11.2
11.3
22.7
11.9
11.2
11.4
11.2
11.5
11.2
11.4
11.3
11.4
11.2
11.4
11.2
11.4
11.1
11.5
11.2
13.6
11.1
13.9
11.1
14.1
16.1
86.2
20.3
15.1
11.6
11.3
11.5
11.3
11.4
11.3
11.5
11.2
20.3
15.4
11.6
14.7
11.6
11.2
11.6
11.5
11.5
11.3
11.5
11.1
11.5
11.2
11.5
11.3
11.4
11.2
11.4
11.2
11.4
11.3
11.5
11.3
11.5
11.3
11.5
11.2
11.4
11.3
11.5
11.2
11.5
11.2
11.7
11.3
13.9
11.3
13.9
11.2
13.9
11.2
13.7
11.2
13.8
18.8
12.4
14.4
11.5
11.2
11.5
11.3
11.5
11.3
11.4
11.2
11.4
11.3
11.5
11.2
11.5
11.2
11.7
11.3
11.5
11.4
11.5
11.2
11.5
11.3
11.5
11.3
11.5
11.3
11.6
11.2
11.6
11.3
11.5
11.3
11.5
11.2
11.5
11.2
11.5
11.3
11.5
11.3
11.5
11.3
19.9
12.4
11.5
11.4
12
11.2
11.6
11.5
14.8
11.6
11.6
11.4
11.5
11.3
13.8
11.3
11.8
11.4
11.7
11.3
11.6
11.3
11.7
11.2
11.5
11.4
11.5
11.3
11.5
11.3
11.5
11.3
11.5
11.3
11.5
11.4
11.5
11.3
11.7
11.4
11.6
11.6
11.6
11.4
11.5
11.4
11.5
11.4
11.5
11.3
11.6
19.1
11.8
11.4
11.8
11.3
11.7
11.4
11.6
11.4
11.7
14.6
11.6
11.3
11.6
11.3
11.6
11.3
11.5
11.4
11.6
11.3
11.5
11.3
11.5
11.4
11.5
11.3
11.6
11.5
11.8
11.6
12.3
12
11.6
11.3
11.5
11.3
11.6
11.3
11.5
11.3
11.5
11.4
11.5
11.3
13.9
11.4
13.9
11.3
14
11.3
14
19.5
11.9
11.3
11.5
11.3
